# Elastic Deformation Gradient.XX, bin size: 1.43739, bin count: 150
-107.086 1.05703
-105.648 0.956884
-104.211 0.998625
-102.774 0.964644
-101.336 0.985029
-99.8988 0.981484
-98.4614 0.967192
-97.0241 0.95282
-95.5867 0.980844
-94.1493 0.954191
-92.7119 0.981377
-91.2745 0.975264
-89.8371 0.911025
-88.3997 0.93393
-86.9623 0.973327
-85.5249 0.938815
-84.0875 0.934941
-82.6501 0.842048
-81.2127 0.603948
-79.7753 0.819201
-78.3379 0.853485
-76.9005 0.856059
-75.4631 0.853275
-74.0258 0.848619
-72.5884 0.856733
-71.151 0.822579
-69.7136 0.853789
-68.2762 0.840726
-66.8388 0.843344
-65.4014 0.829959
-63.964 0.820499
-62.5266 0.847891
-61.0892 0.84004
-59.6518 0.816423
-58.2144 0.838153
-56.777 0.860807
-55.3396 0.851475
-53.9022 0.829872
-52.4649 0.847995
-51.0275 0.829477
-49.5901 0.848731
-48.1527 0.827183
-46.7153 0.85644
-45.2779 0.858633
-43.8405 0.826536
-42.4031 0.824224
-40.9657 0.847049
-39.5283 0.816179
-38.0909 0.827394
-36.6535 0.825131
-35.2161 0.854495
-33.7787 0.84674
-32.3413 0.835017
-30.904 0.859019
-29.4666 0.855491
-28.0292 0.857971
-26.5918 0.847632
-25.1544 0.852819
-23.717 0.848951
-22.2796 0.841714
-20.8422 0.841751
-19.4048 0.833483
-17.9674 0.8242
-16.53 0.838627
-15.0926 0.833815
-13.6552 0.835315
-12.2178 0.829014
-10.7804 0.831312
-9.34306 0.82638
-7.90566 0.825844
-6.46827 0.841723
-5.03088 0.823078
-3.59348 0.835061
-2.15609 0.812892
-0.718697 0.816237
0.718697 0.806906
2.15609 0.827035
3.59348 0.785765
5.03088 0.876511
6.46827 0.914287
7.90566 0.957817
9.34306 0.975001
10.7805 0.96493
12.2178 1.00663
13.6552 0.951105
15.0926 0.939692
16.53 0.950266
17.9674 0.94875
19.4048 0.9396
20.8422 0.947327
22.2796 0.954737
23.717 0.945872
25.1544 0.949584
26.5918 0.944303
28.0292 0.957481
29.4666 0.94449
30.904 0.942926
32.3414 0.941518
33.7787 0.946765
35.2161 0.954057
36.6535 0.957111
38.0909 0.948513
39.5283 0.956905
40.9657 0.947123
42.4031 0.949563
43.8405 0.964409
45.2779 0.960267
46.7153 0.962875
48.1527 0.961933
49.5901 0.955589
51.0275 0.951416
52.4649 0.954691
53.9023 0.960449
55.3396 0.967411
56.777 0.989976
58.2144 0.981283
59.6518 0.968107
61.0892 0.981448
62.5266 0.962248
63.964 0.959054
65.4014 0.95045
66.8388 0.952105
68.2762 0.973632
69.7136 0.965694
71.151 0.986974
72.5884 0.972881
74.0258 0.982625
75.4632 0.964519
76.9005 0.967728
78.3379 0.973053
79.7753 0.964213
81.2127 0.963333
82.6501 0.948403
84.0875 0.978838
85.5249 0.951234
86.9623 0.96328
88.3997 0.96482
89.8371 0.975222
91.2745 0.95943
92.7119 0.962378
94.1493 0.973688
95.5867 0.986963
97.0241 0.981743
98.4614 0.975451
99.8988 0.963103
101.336 0.964833
102.774 0.97799
104.211 0.945556
105.648 0.9703
107.086 0.955929
