# Elastic Deformation Gradient.XX, bin size: 1.04097, bin count: 200
-103.577 0.914656
-102.536 1.04479
-101.495 0.929226
-100.454 0.953925
-99.4131 0.927947
-98.3721 0.954411
-97.3312 0.943972
-96.2902 0.954158
-95.2492 0.970761
-94.2082 0.943711
-93.1673 0.944528
-92.1263 0.925671
-91.0853 0.954122
-90.0443 0.944978
-89.0034 0.940044
-87.9624 0.915822
-86.9214 0.918347
-85.8804 0.931421
-84.8395 0.834364
-83.7985 0.824318
-82.7575 0.819326
-81.7165 0.912502
-80.6756 0.820752
-79.6346 0.799934
-78.5936 0.877465
-77.5526 0.838297
-76.5117 0.799847
-75.4707 0.792893
-74.4297 0.83011
-73.3887 0.839915
-72.3478 0.825005
-71.3068 0.833174
-70.2658 0.851737
-69.2248 0.792
-68.1839 0.825134
-67.1429 0.822828
-66.1019 0.824077
-65.0609 0.82635
-64.02 0.799751
-62.979 0.804662
-61.938 0.804804
-60.897 0.806976
-59.8561 0.798268
-58.8151 0.807771
-57.7741 0.844246
-56.7331 0.815069
-55.6922 0.83943
-54.6512 0.852934
-53.6102 0.844398
-52.5692 0.81909
-51.5283 0.821792
-50.4873 0.842165
-49.4463 0.818578
-48.4053 0.813469
-47.3644 0.836657
-46.3234 0.816902
-45.2824 0.815689
-44.2414 0.824836
-43.2005 0.811543
-42.1595 0.803228
-41.1185 0.822933
-40.0775 0.818306
-39.0366 0.818135
-37.9956 0.807311
-36.9546 0.798748
-35.9136 0.786741
-34.8727 0.841875
-33.8317 0.826013
-32.7907 0.81977
-31.7497 0.838214
-30.7088 0.798289
-29.6678 0.834332
-28.6268 0.815463
-27.5858 0.814217
-26.5449 0.816563
-25.5039 0.811079
-24.4629 0.840399
-23.4219 0.8206
-22.381 0.837126
-21.34 0.821285
-20.299 0.814024
-19.258 0.805826
-18.2171 0.829166
-17.1761 0.81033
-16.1351 0.811588
-15.0941 0.53904
-14.0532 0.816342
-13.0122 0.807518
-11.9712 0.826929
-10.9302 0.827014
-9.88926 0.828523
-8.84829 0.806132
-7.80731 0.810054
-6.76634 0.825891
-5.72536 0.815284
-4.68439 0.831756
-3.64341 0.801984
-2.60244 0.815583
-1.56146 0.810998
-0.520488 0.819236
0.520487 0.82475
1.56146 0.522011
2.60244 0.841069
3.64341 0.817894
4.68439 0.815771
5.72536 0.983657
6.76634 0.970104
7.80731 0.957942
8.84829 0.937643
9.88926 0.927738
10.9302 0.933812
11.9712 0.943594
13.0122 0.943263
14.0532 0.943801
15.0941 0.930655
16.1351 0.940554
17.1761 0.941585
18.2171 0.954669
19.258 0.940515
20.299 0.953308
21.34 0.943142
22.381 0.943169
23.4219 0.953928
24.4629 0.936242
25.5039 0.932768
26.5449 0.925094
27.5858 0.927757
28.6268 0.944585
29.6678 0.941071
30.7088 0.953359
31.7497 0.94616
32.7907 0.939917
33.8317 0.933946
34.8727 0.912446
35.9136 0.929137
36.9546 0.927295
37.9956 0.944655
39.0366 0.948037
40.0775 0.950925
41.1185 0.934917
42.1595 0.936553
43.2005 0.944986
44.2414 0.959494
45.2824 0.953364
46.3234 0.942944
47.3644 0.96745
48.4053 0.935949
49.4463 0.939552
50.4873 0.953434
51.5283 0.943243
52.5692 0.930655
53.6102 0.941298
54.6512 0.934352
55.6922 0.934886
56.7331 0.945742
57.7741 0.944996
58.8151 0.940823
59.8561 0.943203
60.897 0.94998
61.938 0.943181
62.979 0.932998
64.02 0.939875
65.0609 0.928034
66.1019 0.947863
67.1429 0.939638
68.1839 0.939717
69.2248 0.948562
70.2658 0.945473
71.3068 0.952772
72.3478 0.950876
73.3887 0.948471
74.4297 0.953437
75.4707 0.93531
76.5117 0.944126
77.5526 0.94422
78.5936 0.939443
79.6346 0.950774
80.6756 0.928432
81.7165 0.94171
82.7575 0.942917
83.7985 0.936237
84.8395 0.954802
85.8804 0.952992
86.9214 0.943903
87.9624 0.936744
89.0034 0.950156
90.0443 0.969132
91.0853 0.951958
92.1263 0.938912
93.1673 0.942807
94.2082 0.939348
95.2492 0.944792
96.2902 0.934106
97.3312 0.930592
98.3721 0.964976
99.4131 0.947914
100.454 0.933703
101.495 1.03706
102.536 0.935361
103.577 1.07591
