# Elastic Deformation Gradient.XX, bin size: 2, bin count: 100
-99 0.924198
-97 0.922404
-95 0.927544
-93 0.927994
-91 0.934854
-89 0.931649
-87 0.92851
-85 0.930396
-83 0.928914
-81 0.92767
-79 0.927398
-77 0.928369
-75 0.9268
-73 0.931327
-71 0.932423
-69 0.940321
-67 0.922635
-65 0.939414
-63 0.924883
-61 0.802546
-59 0.857724
-57 0.821962
-55 0.814043
-53 0.808008
-51 0.795274
-49 0.796957
-47 0.792208
-45 0.793962
-43 0.79417
-41 0.794976
-39 0.79747
-37 0.795927
-35 0.795163
-33 0.793886
-31 0.793563
-29 0.79415
-27 0.793151
-25 0.794467
-23 0.793319
-21 0.793624
-19 0.793576
-17 0.792969
-15 0.794273
-13 0.793569
-11 0.797262
-9 0.795837
-7 0.793761
-5 0.801246
-3 0.800946
-1 0.796716
1 0.797169
3 0.817233
5 0.806008
7 0.823158
9 0.854186
11 0.966979
13 1.0245
15 0.945064
17 0.936965
19 0.92938
21 0.929617
23 0.925598
25 0.923196
27 0.921118
29 0.920799
31 0.920706
33 0.92071
35 0.920454
37 0.919974
39 0.919483
41 0.919062
43 0.918775
45 0.918563
47 0.918537
49 0.918564
51 0.918735
53 0.918766
55 0.918863
57 0.918834
59 0.918875
61 0.918934
63 0.91898
65 0.918985
67 0.919035
69 0.919158
71 0.919442
73 0.919668
75 0.920168
77 0.921645
79 0.921748
81 0.923968
83 0.927517
85 0.929452
87 0.931128
89 0.934667
91 0.93556
93 0.938912
95 0.944717
97 0.95289
99 0.93497
