# Elastic Strain.XX, bin size: 1.32521, bin count: 164
-108.005 -0.00813762
-106.68 1.74469e-05
-105.354 0.00591705
-104.029 0.000792935
-102.704 0.000706052
-101.379 -0.00147937
-100.054 -0.00322534
-98.7284 -0.00143644
-97.4032 -0.00482909
-96.078 -0.00827541
-94.7528 -0.00481958
-93.4275 -0.00149176
-92.1023 -0.001113
-90.7771 -0.00151948
-89.4519 -0.00537287
-88.1267 -0.00217184
-86.8015 0.00731482
-85.4763 -0.00495729
-84.1511 -0.00590994
-82.8258 0.0056281
-81.5006 0.00188481
-80.1754 -0.0131998
-78.8502 0.00601365
-77.525 -0.00443343
-76.1998 -0.0269243
-74.8746 0.00136537
-73.5493 0
-72.2241 -0.00136537
-70.8989 0
-69.5737 0
-68.2485 0
-66.9233 0
-65.5981 0
-64.2729 0
-62.9476 0
-61.6224 0
-60.2972 0
-58.972 0
-57.6468 0
-56.3216 0
-54.9964 0
-53.6711 0
-52.3459 0
-51.0207 0
-49.6955 0
-48.3703 0
-47.0451 0
-45.7199 0
-44.3946 0
-43.0694 0
-41.7442 0
-40.419 0
-39.0938 0
-37.7686 0
-36.4434 0
-35.1182 0
-33.7929 0
-32.4677 0
-31.1425 0
-29.8173 0
-28.4921 0
-27.1669 0
-25.8417 0
-24.5164 0
-23.1912 0
-21.866 0
-20.5408 0
-19.2156 0
-17.8904 0
-16.5652 0
-15.24 0
-13.9147 0
-12.5895 0
-11.2643 0
-9.9391 0
-8.61389 0
-7.28867 0
-5.96346 0
-4.63825 0
-3.31303 0
-1.98782 0
-0.662607 0
0.662607 0
1.98782 0
3.31303 0.0125047
4.63825 0.0163065
5.96346 0.0156968
7.28867 0.0154918
8.61389 0.00346212
9.9391 0.010807
11.2643 0.00553422
12.5895 -0.00905713
13.9147 -0.000463031
15.24 -0.000326313
16.5652 -0.00584406
17.8904 -0.00385507
19.2156 -0.00177808
20.5408 0.000413687
21.866 -0.000168371
23.1912 -0.00170756
24.5164 -0.000586019
25.8417 0.00259859
27.1669 -0.00221565
28.4921 -0.000908111
29.8173 0.00289624
31.1425 0.000857177
32.4677 0.00461485
33.7929 0.0061037
35.1182 0.000125671
36.4434 -0.00580352
37.7686 0.000301976
39.0938 0.00281021
40.419 -0.000238338
41.7442 -8.55618e-05
43.0694 -0.0033862
44.3946 -0.00251597
45.7199 0.00162949
47.0451 0.00529538
48.3703 0.00136712
49.6955 -0.000673374
51.0207 0.00165292
52.3459 0.00303908
53.6711 0.00251221
54.9964 -0.00986539
56.3216 -0.00762727
57.6468 0.00332761
58.972 0.00559932
60.2972 0.00668576
61.6224 0.00362955
62.9476 -0.00390638
64.2729 -0.00560965
65.5981 -0.00119369
66.9233 -0.000690788
68.2485 0.00614751
69.5737 0.00172315
70.8989 -0.00237749
72.2241 -0.00095808
73.5493 -0.00206383
74.8746 4.4926e-05
76.1998 0.000864673
77.525 -0.00153331
78.8502 -0.00591025
80.1754 0.00310336
81.5006 0.00298804
82.8258 -0.00411548
84.1511 0.00195389
85.4763 -0.000300898
86.8015 -0.00310019
88.1267 0.00108457
89.4519 0.00167578
90.7771 0.00379989
92.1023 -0.000272855
93.4275 -0.0026082
94.7528 0.00362463
96.078 0.00628413
97.4032 0.00254756
98.7284 -0.00335654
100.054 -0.00313325
101.379 -0.00119189
102.704 0.00243318
104.029 0.00711686
105.354 0.00267008
106.68 -0.00351683
108.005 -0.00935953
