# Elastic Deformation Gradient.XX, bin size: 1.00283, bin count: 215
-107.303 0.957211
-106.3 1.05703
-105.297 0.956884
-104.295 0.973779
-103.292 0.998625
-102.289 0.984849
-101.286 0.985029
-100.283 0.981484
-99.2804 0.974048
-98.2776 0.963259
-97.2748 0.951341
-96.2719 0.95282
-95.2691 0.980844
-94.2663 0.954191
-93.2634 0.981377
-92.2606 0.933721
-91.2578 0.975264
-90.2549 0.906555
-89.2521 0.93393
-88.2493 0.91956
-87.2464 0.973327
-86.2436 0.938815
-85.2408 0.846909
-84.2379 0.934941
-83.2351 0.833875
-82.2323 0.842048
-81.2294 0.567519
-80.2266 0.819201
-79.2238 0.836787
-78.2209 0.853485
-77.2181 0.856059
-76.2153 0.80643
-75.2124 0.853275
-74.2096 0.848619
-73.2068 0.84052
-72.2039 0.856733
-71.2011 0.805894
-70.1983 0.853789
-69.1954 0.845347
-68.1926 0.840726
-67.1898 0.843344
-66.1869 0.84072
-65.1841 0.552749
-64.1813 0.820499
-63.1785 0.840417
-62.1756 0.847891
-61.1728 0.84004
-60.17 0.836187
-59.1671 0.538445
-58.1643 0.838153
-57.1615 0.846885
-56.1586 0.860807
-55.1558 0.843921
-54.153 0.8097
-53.1501 0.829872
-52.1473 0.847995
-51.1445 0.829477
-50.1416 0.832282
-49.1388 0.848731
-48.136 0.827183
-47.1331 0.827144
-46.1303 0.85644
-45.1275 0.858633
-44.1246 0.826536
-43.1218 0.516094
-42.119 0.824224
-41.1161 0.847049
-40.1133 0.841833
-39.1105 0.816179
-38.1076 0.827394
-37.1048 0.513206
-36.102 0.841898
-35.0991 0.854495
-34.0963 0.832686
-33.0935 0.84674
-32.0906 0.811222
-31.0878 0.859019
-30.085 0.84163
-29.0821 0.855491
-28.0793 0.857971
-27.0765 0.847876
-26.0736 0.843674
-25.0708 0.852819
-24.068 0.848951
-23.0651 0.842086
-22.0623 0.840398
-21.0595 0.811005
-20.0567 0.841751
-19.0538 0.833483
-18.051 0.8242
-17.0482 0.838627
-16.0453 0.542668
-15.0425 0.833815
-14.0397 0.824074
-13.0368 0.835315
-12.034 0.829014
-11.0312 0.831312
-10.0283 0.798613
-9.02549 0.82638
-8.02266 0.825844
-7.01983 0.841723
-6.017 0.829699
-5.01416 0.809042
-4.01133 0.823078
-3.0085 0.835061
-2.00567 0.812892
-1.00283 0.811893
0 0.816237
1.00283 0.805834
2.00567 0.827035
3.0085 0.781095
4.01133 0.810166
5.01416 0.876511
6.017 0.863527
7.01983 0.914287
8.02266 0.957817
9.02549 0.975001
10.0283 0.948418
11.0312 0.96493
12.034 1.00663
13.0368 0.937951
14.0397 0.951105
15.0425 0.939692
16.0453 0.950266
17.0482 0.926451
18.051 0.94875
19.0538 0.944784
20.0567 0.935093
21.0595 0.947327
22.0623 0.954737
23.0651 0.945872
24.068 0.938855
25.0708 0.949584
26.0736 0.944303
27.0765 0.954067
28.0793 0.957481
29.0821 0.940103
30.085 0.94449
31.0878 0.942926
32.0906 0.941518
33.0935 0.946765
34.0963 0.947357
35.0991 0.950936
36.102 0.954057
37.1048 0.957111
38.1076 0.94558
39.1105 0.956905
40.1133 0.937952
41.1161 0.947123
42.119 0.949563
43.1218 0.955979
44.1246 0.964409
45.1275 0.960267
46.1303 0.962875
47.1331 0.956642
48.136 0.961933
49.1388 0.955589
50.1416 0.944799
51.1445 0.951416
52.1473 0.954691
53.1501 0.954006
54.153 0.960449
55.1558 0.963269
56.1586 0.989976
57.1615 0.957768
58.1643 0.981283
59.1671 0.968107
60.17 0.964953
61.1728 0.981448
62.1756 0.962248
63.1785 0.959847
64.1813 0.959054
65.1841 0.946857
66.1869 0.952105
67.1898 0.950164
68.1926 0.973632
69.1954 0.96473
70.1983 0.965694
71.2011 0.986974
72.2039 0.972881
73.2068 0.967381
74.2096 0.982625
75.2124 0.955577
76.2153 0.967728
77.2181 0.956377
78.2209 0.973053
79.2238 0.970957
80.2266 0.963333
81.2294 0.949809
82.2323 0.951379
83.2351 0.943853
84.2379 0.978838
85.2408 0.958398
86.2436 0.96328
87.2464 0.95992
88.2493 0.96482
89.2521 0.975222
90.2549 0.965396
91.2578 0.95943
92.2606 0.962378
93.2634 0.973688
94.2663 0.96667
95.2691 0.986963
96.2719 0.977252
97.2748 0.981743
98.2776 0.975451
99.2804 0.963103
100.283 0.956679
101.286 0.964833
102.289 0.951584
103.292 0.97799
104.295 0.942478
105.297 0.963886
106.3 0.9703
107.303 0.955929
