1526.845
1539.072
1563.278
1572.331
1569.836
1584.544
1583.368
1613.765
1603.752
1608.444
1636.658
1653.077
1660.617
1663.400
1694.015
1693.339
1732.047
1830.457
1836.312
1952.091
1955.750
2020.857
2103.537
2875.001
4155.575
6949.556
10800.715
14058.290
17259.275
20507.913
25274.477
33845.406
43762.070
57024.824
69820.032
78380.483
84638.584
87777.171
89952.712
91496.504
92926.949
94429.704
95647.229
96657.756
97767.602
98532.643
99888.746
100797.512
101886.614
102878.360
103985.804
105139.927
106578.830
107670.510
108781.393
109469.731
110145.107
110782.702
111510.653
111796.383
112121.309
112558.374
112966.914
113592.882
113879.499
114303.732
114753.794
115050.455
115280.851
115314.793
