1516.233
1521.299
1528.861
1537.167
1565.486
1578.098
1583.436
1608.136
1619.263
1608.814
1642.913
1655.736
1667.184
1682.653
1696.804
1724.332
1747.569
1782.935
1820.569
1887.993
2100.764
2379.868
2925.032
3516.713
4960.924
6344.946
8247.214
12280.627
15941.847
19863.593
23423.603
27523.761
33214.986
46402.362
59193.257
70645.277
79720.496
85230.090
88991.352
91417.361
93283.031
94879.018
96800.344
98086.036
99191.364
100393.831
101136.843
102264.303
103029.730
103710.786
104027.673
104293.831
104729.253
105507.594
105878.370
106401.116
106580.800
107045.418
107210.703
