1543.853
1554.782
1545.656
1565.457
1577.729
1574.856
1585.872
1599.463
1608.666
1623.170
1624.870
1643.069
1657.547
1654.023
1656.278
1669.714
1678.205
1696.934
1700.708
1717.778
1779.552
1809.829
1952.410
2406.419
2937.856
4966.469
7710.771
10080.707
12659.079
15689.519
19379.068
25748.556
35227.251
44242.140
55357.020
63867.240
69798.020
74193.066
78080.086
82446.040
85772.778
88116.841
89899.090
91015.601
92222.178
92983.594
93520.144
94290.653
94767.820
95277.090
95671.468
95957.673
96429.380
96872.399
97291.501
97518.202
97854.487
98157.369
98465.101
98805.646
99051.199
99596.825
99744.534
100042.848
100370.967
100639.923
100945.576
101169.765
101593.223
101695.330
102102.968
102542.147
102722.030
102971.679
103297.270
103554.694
103941.070
104307.021
104577.726
104921.014
105110.380
105298.951
105606.886
106054.981
