0.000
0.000
0.000
0.000
0.000
0.000
0.000
0.000
0.000
0.000
0.757
0.000
0.633
0.104
0.770
0.000
0.000
22.259
24.310
17.550
0.106
15.421
66.374
141.994
439.471
730.785
1843.801
4977.053
9690.854
15157.606
19938.641
24704.543
31244.997
42960.601
53655.518
62620.279
71064.500
78650.501
83086.263
85240.921
86578.509
87746.501
88688.056
89541.606
90289.004
90860.106
91635.849
92163.515
92521.110
93333.427
93950.939
94979.768
95645.261
96911.130
98275.544
99773.703
101562.441
103127.748
103935.356
104538.954
105048.348
105657.928
106095.665
106620.561
106993.461
107348.965
107423.940
107969.950
108354.875
108840.639
109120.945
109317.203
109498.658
109811.990
110047.660
110425.301
110389.888
110575.828
110564.904
110522.376
110589.814
