# Elastic Strain.XX, bin size: 1.32521, bin count: 164
-108.005 0
-106.68 0
-105.354 0
-104.029 0
-102.704 0
-101.379 0
-100.054 0
-98.7284 0
-97.4032 0
-96.078 0
-94.7528 0
-93.4275 0
-92.1023 0
-90.7771 0
-89.4519 0
-88.1267 0
-86.8015 0
-85.4763 0
-84.1511 0
-82.8258 0
-81.5006 0
-80.1754 0
-78.8502 0
-77.525 0
-76.1998 0
-74.8746 0
-73.5493 0
-72.2241 0
-70.8989 0
-69.5737 0
-68.2485 0
-66.9233 -0.0215934
-65.5981 -0.0237682
-64.2729 -0.00891972
-62.9476 -0.0114686
-61.6224 0.00449341
-60.2972 0.019092
-58.972 0.0162554
-57.6468 -0.00634433
-56.3216 -0.0105661
-54.9964 0.00602559
-53.6711 -0.0105045
-52.3459 -0.0122131
-51.0207 0.0139288
-49.6955 0.00302026
-48.3703 -0.00557637
-47.0451 0.000897157
-45.7199 -0.00402878
-44.3946 -0.00495316
-43.0694 -0.00780653
-41.7442 -0.0126052
-40.419 0.00800905
-39.0938 0.0181507
-37.7686 -0.0104107
-36.4434 0.00343605
-35.1182 0.00691107
-33.7929 -0.00252895
-32.4677 0.0130286
-31.1425 0.00339324
-29.8173 -0.0172482
-28.4921 -0.0177922
-27.1669 -0.00586651
-25.8417 0.0203351
-24.5164 0.00881828
-23.1912 -0.00380569
-21.866 0.000766734
-20.5408 -0.00419289
-19.2156 0.00917278
-17.8904 -0.00431272
-16.5652 -0.0143079
-15.24 -0.0055357
-13.9147 0.0113198
-12.5895 0.00913056
-11.2643 -0.00289672
-9.9391 -0.00817894
-8.61389 -0.00209589
-7.28867 0.000670138
-5.96346 -0.00280249
-4.63825 -0.00854209
-3.31303 0.0319199
-1.98782 0.042091
-0.662607 0
0.662607 0
1.98782 0
3.31303 0
4.63825 0
5.96346 0
7.28867 0
8.61389 0
9.9391 0
11.2643 0
12.5895 0
13.9147 0
15.24 0
16.5652 0
17.8904 0
19.2156 0
20.5408 0
21.866 0
23.1912 0
24.5164 0
25.8417 0
27.1669 0
28.4921 0
29.8173 0
31.1425 0
32.4677 0
33.7929 0
35.1182 0
36.4434 0
37.7686 0
39.0938 0
40.419 0
41.7442 0
43.0694 0
44.3946 0
45.7199 0
47.0451 0
48.3703 0
49.6955 0
51.0207 0
52.3459 0
53.6711 0
54.9964 0
56.3216 0
57.6468 0
58.972 0
60.2972 0
61.6224 0
62.9476 0
64.2729 0
65.5981 0
66.9233 0
68.2485 0
69.5737 0
70.8989 0
72.2241 0
73.5493 0
74.8746 0
76.1998 0
77.525 0
78.8502 0
80.1754 0
81.5006 0
82.8258 0
84.1511 0
85.4763 0
86.8015 0
88.1267 0
89.4519 0
90.7771 0
92.1023 0
93.4275 0
94.7528 0
96.078 0
97.4032 0
98.7284 0
100.054 0
101.379 0
102.704 0
104.029 0
105.354 0
106.68 0
108.005 0
