# Elastic Strain.XX, bin size: 2.17335, bin count: 100
-107.581 0
-105.407 0
-103.234 0
-101.061 0
-98.8874 0
-96.7141 0
-94.5407 0
-92.3674 0
-90.194 0
-88.0207 0
-85.8473 0
-83.674 0
-81.5006 0
-79.3273 0
-77.1539 0
-74.9806 0
-72.8072 0
-70.6339 0
-68.4605 0
-66.2872 -0.0144928
-64.1138 -0.0186055
-61.9405 0.00464836
-59.7671 0.0126517
-57.5938 -0.00255213
-55.4204 -0.00408494
-53.2471 -0.00368125
-51.0737 -0.000269821
-48.9004 0.00236898
-46.727 -0.00478854
-44.5537 -0.00440854
-42.3803 -0.0040286
-40.207 0.00338141
-38.0336 0.00648494
-35.8603 -0.0005048
-33.6869 0.00240928
-31.5136 0.00312696
-29.3402 -0.0115421
-27.1669 0.00155055
-24.9935 0.00888984
-22.8202 -0.00791812
-20.6468 -0.001643
-18.4735 0.00559316
-16.3001 -0.00691877
-14.1268 -0.00182202
-11.9534 0.00496905
-9.78007 -0.00304427
-7.60672 -0.00298682
-5.43337 -0.00791078
-3.26002 0.0194633
-1.08667 0.0256653
1.08668 0
3.26003 0
5.43338 0
7.60673 0
9.78008 0
11.9534 0
14.1268 0
16.3001 0
18.4735 0
20.6468 0
22.8202 0
24.9935 0
27.1669 0
29.3402 0
31.5136 0
33.6869 0
35.8603 0
38.0336 0
40.207 0
42.3803 0
44.5537 0
46.727 0
48.9004 0
51.0737 0
53.2471 0
55.4204 0
57.5938 0
59.7671 0
61.9405 0
64.1138 0
66.2872 0
68.4605 0
70.6339 0
72.8072 0
74.9806 0
77.1539 0
79.3273 0
81.5006 0
83.674 0
85.8473 0
88.0207 0
90.194 0
92.3674 0
94.5407 0
96.7141 0
98.8874 0
101.061 0
103.234 0
105.407 0
107.581 0
