# Elastic Strain.XX, bin size: 2.17335, bin count: 100
-107.581 -0.00342142
-105.407 0.000494135
-103.234 0.000430519
-101.061 0.000255324
-98.8874 -0.00399992
-96.7141 -0.00588333
-94.5407 -0.0059556
-92.3674 -0.00067866
-90.194 -0.00184928
-88.0207 0.00118411
-85.8473 -0.00342427
-83.674 -0.00245435
-81.5006 0.00465937
-79.3273 0.00366686
-77.1539 -0.0119796
-74.9806 -0.0155847
-72.8072 0
-70.6339 -0.000832545
-68.4605 0
-66.2872 0
-64.1138 0
-61.9405 0
-59.7671 0
-57.5938 0
-55.4204 0
-53.2471 0
-51.0737 0
-48.9004 0
-46.727 0
-44.5537 0
-42.3803 0
-40.207 0
-38.0336 0
-35.8603 0
-33.6869 0
-31.5136 0
-29.3402 0
-27.1669 0
-24.9935 0
-22.8202 0
-20.6468 0
-18.4735 0
-16.3001 0
-14.1268 0
-11.9534 0
-9.78007 0
-7.60672 0
-5.43337 0
-3.26002 0
-1.08667 0
1.08668 0.00762482
3.26003 0
5.43338 0.0095712
7.60673 0.0259788
9.78008 0.00548557
11.9534 -0.00357959
14.1268 -0.00242436
16.3001 -0.00356345
18.4735 -0.00250562
20.6468 -0.000676974
22.8202 -0.000459994
24.9935 0.000543313
27.1669 0.000856799
29.3402 -0.000879313
31.5136 0.00237212
33.6869 0.00457003
35.8603 -0.000396646
38.0336 -0.00161156
40.207 0.000512079
42.3803 -0.000265805
44.5537 -0.000724845
46.727 0.00169476
48.9004 0.00188853
51.0737 0.0014425
53.2471 0.00113847
55.4204 -0.00494188
57.5938 -0.00123656
59.7671 0.00503211
61.9405 0.00221314
64.1138 -0.0032488
66.2872 0.000466961
68.4605 0.00243779
70.6339 -0.00360045
72.8072 -0.00125843
74.9806 0.00141957
77.1539 -0.00204162
79.3273 -0.000676566
81.5006 0.000787019
83.674 8.61236e-05
85.8473 -0.000698962
88.0207 -0.000868543
90.194 0.00208965
92.3674 -0.000522531
94.5407 0.00224142
96.7141 0.00411968
98.8874 -0.00162262
101.061 -0.00140831
103.234 0.00318874
105.407 0.00260953
107.581 -0.00578402
