# c_s_2, bin size X: 25, bin count X: 25, bin size Y: 25, bin count Y: 25
0 0 0 0 0 0 0 0 0 0 0 0 0 0 0 0 0 0 0 0 0 0 0 0 0 
0 0 0 0 0 0 0 0 0 0 0 0 0 0 0 0 0 0 0 0 0 0 0 0 0 
0 0 0 0 0 0 0 0 0 0 0 0 0 0 0 0 0 0 0 0 0 0 0 0 0 
0 0 0 0 0 0 0 0 0 0 0 0 0 0 0 0 0 0 0 0 0 0 0 0 0 
0 0 0 0 0 0 0 0 0 0 0 0 0 0 0 0 0 0 0 0 0 0 0 0 0 
0 0 0 0 0 0 0 0 0 0 0 0 0 0 0 0 0 0 0 0 0 0 0 0 0 
0 0 0 0 0 0 0 0 0 0 0 0 0 0 0 0 0 0 0 0 0 0 0 0 0 
0 0 0 0 0 0 0 0 0 0 0 0 0 0 0 0 0 0 0 0 0 0 0 0 0 
0 0 0 0 0 0 0 0 0 0 0 0 0 0 0 0 0 0 0 0 0 0 0 0 0 
0 0 0 0 0 0 0 0 0 0 0 0 0 0 0 0 0 0 0 0 0 0 0 0 0 
-1363.39 2012.38 888.74 -123.28 -152.45 -120.501 -82.9508 -68.5617 -53.881 -17.9462 23.36 -11.864 -92.2138 -86.7262 39.5649 64.0403 29.5083 -32.3108 -16.5995 -32.3804 -48.2982 15.1724 34.0617 822.132 -1625.61 
-1113.9 5010.87 632.097 -608.673 -298.09 -96.1156 -75.9443 -124.6 -84.3713 -36.5761 -21.9601 -43.0292 -47.5306 36.0339 43.741 -33.7154 -18.0056 33.7223 -20.3259 4.21432 57.3488 -17.665 -115.779 978.839 -4040.59 
288.138 5447.17 -856.424 -634.504 -256.854 -112.908 -89.3956 -107.623 -76.8093 -67.3965 -59.896 -18.9379 -8.38175 54.3918 71.7508 70.3608 -23.0946 -49.5286 22.6462 -7.36516 -25.4051 11.2664 15.3542 989.822 -4576.38 
-911.567 4483.47 480.51 -512.559 -337.429 -192.961 -127.081 -109.026 -82.7414 -43.96 -6.76503 -18.7401 -84.0591 -5.52617 153.015 28.648 -37.6315 18.5446 -5.8414 58.7355 16.2261 -7.40358 -50.006 915.788 -3621.64 
-1261.73 2587.85 879.449 -146.115 -181.097 -139.34 -119.216 -96.9614 -88.0059 -21.6924 -44.3502 -84.8066 -26.6303 7.82318 82.1522 60.044 -17.1396 54.5842 26.3242 -51.0289 -15.9859 -58.4831 17.9488 812.875 -2176.46 
0 0 0 0 0 0 0 0 0 0 0 0 0 0 0 0 0 0 0 0 0 0 0 0 0 
0 0 0 0 0 0 0 0 0 0 0 0 0 0 0 0 0 0 0 0 0 0 0 0 0 
0 0 0 0 0 0 0 0 0 0 0 0 0 0 0 0 0 0 0 0 0 0 0 0 0 
0 0 0 0 0 0 0 0 0 0 0 0 0 0 0 0 0 0 0 0 0 0 0 0 0 
0 0 0 0 0 0 0 0 0 0 0 0 0 0 0 0 0 0 0 0 0 0 0 0 0 
0 0 0 0 0 0 0 0 0 0 0 0 0 0 0 0 0 0 0 0 0 0 0 0 0 
0 0 0 0 0 0 0 0 0 0 0 0 0 0 0 0 0 0 0 0 0 0 0 0 0 
0 0 0 0 0 0 0 0 0 0 0 0 0 0 0 0 0 0 0 0 0 0 0 0 0 
0 0 0 0 0 0 0 0 0 0 0 0 0 0 0 0 0 0 0 0 0 0 0 0 0 
0 0 0 0 0 0 0 0 0 0 0 0 0 0 0 0 0 0 0 0 0 0 0 0 0 
