# c_s_2, bin size X: 25, bin count X: 25, bin size Y: 25, bin count Y: 25
0 0 0 0 0 0 0 0 0 0 0 0 0 0 0 0 0 0 0 0 0 0 0 0 0 
0 0 0 0 0 0 0 0 0 0 0 0 0 0 0 0 0 0 0 0 0 0 0 0 0 
0 0 0 0 0 0 0 0 0 0 0 0 0 0 0 0 0 0 0 0 0 0 0 0 0 
0 0 0 0 0 0 0 0 0 0 0 0 0 0 0 0 0 0 0 0 0 0 0 0 0 
0 0 0 0 0 0 0 0 0 0 0 0 0 0 0 0 0 0 0 0 0 0 0 0 0 
0 0 0 0 0 0 0 0 0 0 0 0 0 0 0 0 0 0 0 0 0 0 0 0 0 
0 0 0 0 0 0 0 0 0 0 0 0 0 0 0 0 0 0 0 0 0 0 0 0 0 
0 0 0 0 0 0 0 0 0 0 0 0 0 0 0 0 0 0 0 0 0 0 0 0 0 
0 0 0 0 0 0 0 0 0 0 0 0 0 0 0 0 0 0 0 0 0 0 0 0 0 
0 0 0 0 0 0 0 0 0 0 0 0 0 0 0 0 0 0 0 0 0 0 0 0 0 
-1575.15 2256.19 1174.92 -117.007 -190.056 -152.518 -98.6535 -10.8283 -68.4091 -87.2094 -10.1564 -1.78055 9.34814 -3.03506 20.3433 58.7446 28.4665 -20.4048 -49.5023 -31.5481 -18.1388 -17.2676 -63.0119 782.932 -1816.26 
-1789.5 5698.64 1374.26 -726.563 -394.18 -200.074 -139.34 -16.2999 8.64795 -55.5496 -81.1443 -40.1217 -6.59206 -9.81767 -18.8248 -12.7748 45.4885 32.9767 22.9799 30.3269 -44.3028 -70.3853 -48.2933 1050.98 -4610.54 
-146.895 6143.89 -371.527 -1008.71 -343.591 -142.143 -135.914 -39.2465 36.3756 24.063 -10.1532 -37.8297 -26.1868 1.78694 0.640471 4.33104 -42.2761 -21.5048 3.86197 -21.9196 13.2917 1.68346 -16.8378 1028.55 -4893.74 
-1263.7 6069.48 813.601 -785.904 -388.016 -197.991 -129.747 -89.1713 2.31253 14.0088 2.73374 2.03538 -36.7881 23.7795 56.8861 -7.71665 -47.8922 -21.5289 -35.7041 -30.3501 -17.2594 -44.3238 -16.0523 1062.28 -4934.97 
-1524.61 3007.16 1128.6 -178.636 -224.902 -173.036 -69.5602 -84.5084 -37.022 64.5677 11.1319 17.0844 9.37412 -52.1913 -25.6959 -29.3112 -11.2449 -17.6196 0.934495 19.9189 -55.4425 -55.576 0.229293 809.898 -2529.54 
0 0 0 0 0 0 0 0 0 0 0 0 0 0 0 0 0 0 0 0 0 0 0 0 0 
0 0 0 0 0 0 0 0 0 0 0 0 0 0 0 0 0 0 0 0 0 0 0 0 0 
0 0 0 0 0 0 0 0 0 0 0 0 0 0 0 0 0 0 0 0 0 0 0 0 0 
0 0 0 0 0 0 0 0 0 0 0 0 0 0 0 0 0 0 0 0 0 0 0 0 0 
0 0 0 0 0 0 0 0 0 0 0 0 0 0 0 0 0 0 0 0 0 0 0 0 0 
0 0 0 0 0 0 0 0 0 0 0 0 0 0 0 0 0 0 0 0 0 0 0 0 0 
0 0 0 0 0 0 0 0 0 0 0 0 0 0 0 0 0 0 0 0 0 0 0 0 0 
0 0 0 0 0 0 0 0 0 0 0 0 0 0 0 0 0 0 0 0 0 0 0 0 0 
0 0 0 0 0 0 0 0 0 0 0 0 0 0 0 0 0 0 0 0 0 0 0 0 0 
0 0 0 0 0 0 0 0 0 0 0 0 0 0 0 0 0 0 0 0 0 0 0 0 0 
