# c_s_2, bin size X: 25, bin count X: 25, bin size Y: 25, bin count Y: 25
0 0 0 0 0 0 0 0 0 0 0 0 0 0 0 0 0 0 0 0 0 0 0 0 0 
0 0 0 0 0 0 0 0 0 0 0 0 0 0 0 0 0 0 0 0 0 0 0 0 0 
0 0 0 0 0 0 0 0 0 0 0 0 0 0 0 0 0 0 0 0 0 0 0 0 0 
0 0 0 0 0 0 0 0 0 0 0 0 0 0 0 0 0 0 0 0 0 0 0 0 0 
0 0 0 0 0 0 0 0 0 0 0 0 0 0 0 0 0 0 0 0 0 0 0 0 0 
0 0 0 0 0 0 0 0 0 0 0 0 0 0 0 0 0 0 0 0 0 0 0 0 0 
0 0 0 0 0 0 0 0 0 0 0 0 0 0 0 0 0 0 0 0 0 0 0 0 0 
0 0 0 0 0 0 0 0 0 0 0 0 0 0 0 0 0 0 0 0 0 0 0 0 0 
0 0 0 0 0 0 0 0 0 0 0 0 0 0 0 0 0 0 0 0 0 0 0 0 0 
0 0 0 0 0 0 0 0 0 0 0 0 0 0 0 0 0 0 0 0 0 0 0 0 0 
-2229.29 3276.35 1853.69 317.751 -196.228 -201.601 -56.2264 18.7385 34.8741 -2.76723 -21.8822 -0.8746 -39.1168 -90.1725 -29.3274 -2.04918 -13.4412 31.4716 -57.1449 -110.197 -37.1612 -28.3763 -45.652 812.3 -3183.67 
-5383.89 6321.15 5103.26 -401.489 -408.72 -201.32 -130.262 -48.8192 24.1431 37.2124 -11.1418 -8.16821 -12.1354 -46.4665 -23.1961 -4.65714 -22.4134 -88.3459 -69.3459 -6.9226 -32.6258 -121.016 -114.95 1072.26 -5422.14 
-5959.14 7682.39 5659 -2098.28 -472.707 -132.28 -34.7944 26.6366 2.9455 -33.7334 -16.6622 24.4169 53.732 25.0051 -68.2378 -117.248 -100.26 -31.2024 -2.10755 -85.704 -99.6845 -62.8233 -25.6082 1069.35 -5203 
-5002.01 6778.6 4783.4 -490.715 -466.258 -198.898 -60.5397 -51.4231 -38.2539 15.8071 11.6168 -16.1007 -24.2897 7.97728 -2.52155 -8.83152 -72.857 -136.146 -82.3712 -42.2523 -72.0801 -62.2808 -71.2485 1043.03 -5741.35 
-1920.88 3536.02 1660.39 272.906 -228.191 -192.987 -123.556 -22.2858 37.3739 10.5142 -11.7589 -4.63543 34.0678 1.21259 -30.7802 -40.3646 -64.6168 -54.0325 -56.345 -64.22 -78.2027 -23.5156 -8.28676 761.311 -3389.14 
0 0 0 0 0 0 0 0 0 0 0 0 0 0 0 0 0 0 0 0 0 0 0 0 0 
0 0 0 0 0 0 0 0 0 0 0 0 0 0 0 0 0 0 0 0 0 0 0 0 0 
0 0 0 0 0 0 0 0 0 0 0 0 0 0 0 0 0 0 0 0 0 0 0 0 0 
0 0 0 0 0 0 0 0 0 0 0 0 0 0 0 0 0 0 0 0 0 0 0 0 0 
0 0 0 0 0 0 0 0 0 0 0 0 0 0 0 0 0 0 0 0 0 0 0 0 0 
0 0 0 0 0 0 0 0 0 0 0 0 0 0 0 0 0 0 0 0 0 0 0 0 0 
0 0 0 0 0 0 0 0 0 0 0 0 0 0 0 0 0 0 0 0 0 0 0 0 0 
0 0 0 0 0 0 0 0 0 0 0 0 0 0 0 0 0 0 0 0 0 0 0 0 0 
0 0 0 0 0 0 0 0 0 0 0 0 0 0 0 0 0 0 0 0 0 0 0 0 0 
0 0 0 0 0 0 0 0 0 0 0 0 0 0 0 0 0 0 0 0 0 0 0 0 0 
