# c_s_2, bin size X: 25, bin count X: 25, bin size Y: 25, bin count Y: 25
0 0 0 0 0 0 0 0 0 0 0 0 0 0 0 0 0 0 0 0 0 0 0 0 0 
0 0 0 0 0 0 0 0 0 0 0 0 0 0 0 0 0 0 0 0 0 0 0 0 0 
0 0 0 0 0 0 0 0 0 0 0 0 0 0 0 0 0 0 0 0 0 0 0 0 0 
0 0 0 0 0 0 0 0 0 0 0 0 0 0 0 0 0 0 0 0 0 0 0 0 0 
0 0 0 0 0 0 0 0 0 0 0 0 0 0 0 0 0 0 0 0 0 0 0 0 0 
0 0 0 0 0 0 0 0 0 0 0 0 0 0 0 0 0 0 0 0 0 0 0 0 0 
0 0 0 0 0 0 0 0 0 0 0 0 0 0 0 0 0 0 0 0 0 0 0 0 0 
0 0 0 0 0 0 0 0 0 0 0 0 0 0 0 0 0 0 0 0 0 0 0 0 0 
0 0 0 0 0 0 0 0 0 0 0 0 0 0 0 0 0 0 0 0 0 0 0 0 0 
0 0 0 0 0 0 0 0 0 0 0 0 0 0 0 0 0 0 0 0 0 0 0 0 0 
-5563.47 76.6819 2324.57 2505.19 2851.8 2046.8 -216.369 -368.698 -258.655 -78.9943 77.6495 -107.973 -45.613 9.4717 -3.7527 -24.1187 23.6424 14.7315 -10.8295 33.3151 4.99626 -64.05 -35.0574 852.358 -4043.62 
-7256.01 -17.5408 1192.72 4964.81 6549.25 1688.98 -1471.28 -412.26 51.1162 -263.222 -74.531 16.8417 -39.0157 48.1658 40.3672 -13.9184 -25.0496 40.1419 -11.6309 -41.0859 5.37764 -14.0115 -43.985 1060.21 -5974.44 
-7018.86 0 56.828 5904.46 7324.66 517.149 -1297.04 -481.501 -111.436 42.9469 26.5068 10.6901 31.7433 -48.8409 -87.7725 29.8467 76.8922 23.9545 -42.9375 -26.0036 -49.3851 -51.901 -34.3104 1098.07 -5893.74 
-7248.75 171.014 748.419 4527.39 6971.79 1895.99 -1227.24 -244.967 -395.811 -89.6259 64.8654 -74.0578 66.6698 0.938625 -26.7223 -3.34523 -31.3632 21.9288 -8.68509 -48.442 -2.38142 0.336862 -42.9541 1104.78 -6129.77 
-5196.83 1336.98 1458.47 2539.01 3679.89 1293.45 -522.679 -330.436 -109.671 146.15 -166.337 -58.6504 23.8686 -29.5723 4.70707 7.63673 -5.6286 -67.3669 -29.6267 7.09568 14.0686 27.5021 19.4111 849.589 -4891.05 
0 0 0 0 0 0 0 0 0 0 0 0 0 0 0 0 0 0 0 0 0 0 0 0 0 
0 0 0 0 0 0 0 0 0 0 0 0 0 0 0 0 0 0 0 0 0 0 0 0 0 
0 0 0 0 0 0 0 0 0 0 0 0 0 0 0 0 0 0 0 0 0 0 0 0 0 
0 0 0 0 0 0 0 0 0 0 0 0 0 0 0 0 0 0 0 0 0 0 0 0 0 
0 0 0 0 0 0 0 0 0 0 0 0 0 0 0 0 0 0 0 0 0 0 0 0 0 
0 0 0 0 0 0 0 0 0 0 0 0 0 0 0 0 0 0 0 0 0 0 0 0 0 
0 0 0 0 0 0 0 0 0 0 0 0 0 0 0 0 0 0 0 0 0 0 0 0 0 
0 0 0 0 0 0 0 0 0 0 0 0 0 0 0 0 0 0 0 0 0 0 0 0 0 
0 0 0 0 0 0 0 0 0 0 0 0 0 0 0 0 0 0 0 0 0 0 0 0 0 
0 0 0 0 0 0 0 0 0 0 0 0 0 0 0 0 0 0 0 0 0 0 0 0 0 
