# c_s_2, bin size X: 25, bin count X: 25, bin size Y: 25, bin count Y: 25
0 0 0 0 0 0 0 0 0 0 0 0 0 0 0 0 0 0 0 0 0 0 0 0 0 
0 0 0 0 0 0 0 0 0 0 0 0 0 0 0 0 0 0 0 0 0 0 0 0 0 
0 0 0 0 0 0 0 0 0 0 0 0 0 0 0 0 0 0 0 0 0 0 0 0 0 
0 0 0 0 0 0 0 0 0 0 0 0 0 0 0 0 0 0 0 0 0 0 0 0 0 
0 0 0 0 0 0 0 0 0 0 0 0 0 0 0 0 0 0 0 0 0 0 0 0 0 
0 0 0 0 0 0 0 0 0 0 0 0 0 0 0 0 0 0 0 0 0 0 0 0 0 
0 0 0 0 0 0 0 0 0 0 0 0 0 0 0 0 0 0 0 0 0 0 0 0 0 
0 0 0 0 0 0 0 0 0 0 0 0 0 0 0 0 0 0 0 0 0 0 0 0 0 
0 0 0 0 0 0 0 0 0 0 0 0 0 0 0 0 0 0 0 0 0 0 0 0 0 
0 0 0 0 0 0 0 0 0 0 0 0 0 0 0 0 0 0 0 0 0 0 0 0 0 
-5871.51 482.872 1364.09 1330.8 2955.13 3916.24 1082.98 -908.253 -293.941 -140.44 -182.687 44.5363 72.3043 -127.312 90.2273 8.10844 -59.7305 -33.0696 65.176 29.7179 -78.0623 -58.3831 -33.2794 879.306 -4534.82 
-7576.84 -255.693 224.997 1594.43 5289.46 5633.3 1511.76 -759.494 -681.923 -195.662 57.6567 -142.114 53.9827 15.1 21.11 74.7789 -70.7354 -19.4914 24.6441 -4.75279 4.32952 -14.1777 -49.3667 1173.37 -5908.66 
-7262.83 0 0 193.557 6440.89 7044.57 -31.6479 -1060.13 -419.479 -207.349 14.3718 49.5191 55.1656 0.544329 -25.3687 6.56692 13.6517 -15.3376 -15.4268 46.4706 -15.7488 -39.3684 -18.5354 1243.78 -5997.87 
-7593.67 519.957 218.16 1274.86 5395.06 6107.19 1117.36 -1306.06 -240.001 -108.883 -184.437 82.0789 26.0637 -55.535 57.0721 -85.9609 -28.6907 41.174 -11.6461 -9.04869 32.5418 44.5843 21.0871 1196.1 -6509.37 
-5942.09 745.616 1549.29 1952.27 2184.99 2485.39 1902.21 78.0563 -341.104 -237.585 -48.2543 114.258 -177.908 65.8401 20.8159 -91.7831 59.3247 -38.7384 -81.9453 41.8559 63.6861 13.2778 -5.76388 816.118 -5127.83 
0 0 0 0 0 0 0 0 0 0 0 0 0 0 0 0 0 0 0 0 0 0 0 0 0 
0 0 0 0 0 0 0 0 0 0 0 0 0 0 0 0 0 0 0 0 0 0 0 0 0 
0 0 0 0 0 0 0 0 0 0 0 0 0 0 0 0 0 0 0 0 0 0 0 0 0 
0 0 0 0 0 0 0 0 0 0 0 0 0 0 0 0 0 0 0 0 0 0 0 0 0 
0 0 0 0 0 0 0 0 0 0 0 0 0 0 0 0 0 0 0 0 0 0 0 0 0 
0 0 0 0 0 0 0 0 0 0 0 0 0 0 0 0 0 0 0 0 0 0 0 0 0 
0 0 0 0 0 0 0 0 0 0 0 0 0 0 0 0 0 0 0 0 0 0 0 0 0 
0 0 0 0 0 0 0 0 0 0 0 0 0 0 0 0 0 0 0 0 0 0 0 0 0 
0 0 0 0 0 0 0 0 0 0 0 0 0 0 0 0 0 0 0 0 0 0 0 0 0 
0 0 0 0 0 0 0 0 0 0 0 0 0 0 0 0 0 0 0 0 0 0 0 0 0 
