# c_s_2, bin size X: 25, bin count X: 25, bin size Y: 25, bin count Y: 25
0 0 0 0 0 0 0 0 0 0 0 0 0 0 0 0 0 0 0 0 0 0 0 0 0 
0 0 0 0 0 0 0 0 0 0 0 0 0 0 0 0 0 0 0 0 0 0 0 0 0 
0 0 0 0 0 0 0 0 0 0 0 0 0 0 0 0 0 0 0 0 0 0 0 0 0 
0 0 0 0 0 0 0 0 0 0 0 0 0 0 0 0 0 0 0 0 0 0 0 0 0 
0 0 0 0 0 0 0 0 0 0 0 0 0 0 0 0 0 0 0 0 0 0 0 0 0 
0 0 0 0 0 0 0 0 0 0 0 0 0 0 0 0 0 0 0 0 0 0 0 0 0 
0 0 0 0 0 0 0 0 0 0 0 0 0 0 0 0 0 0 0 0 0 0 0 0 0 
0 0 0 0 0 0 0 0 0 0 0 0 0 0 0 0 0 0 0 0 0 0 0 0 0 
0 0 0 0 0 0 0 0 0 0 0 0 0 0 0 0 0 0 0 0 0 0 0 0 0 
0 0 0 0 0 0 0 0 0 0 0 0 0 0 0 0 0 0 0 0 0 0 0 0 0 
-6176.72 463.599 858.985 545.991 1687.75 1343.65 2719.74 2837.24 -181.02 64.9923 107.437 -98.1727 -82.443 36.0376 142.086 -40.5668 5.47594 -83.9619 109.024 -12.6056 9.7315 17.5663 -44.2974 847.926 -5077.44 
-7348.25 -543.149 -335.744 410.151 1403.66 4024.61 5337.93 1450.06 -616.503 866.631 461.291 -506.3 -230.923 23.335 59.9186 93.2129 152.679 20.8022 0.601072 -6.68209 -31.8493 -7.89224 -37.1455 1206.08 -5846.51 
-7391.72 0 0 0 0 4672.19 7289.13 780.308 -1143.44 986.49 57.4805 -333.137 -181.116 13.2538 47.2631 94.6766 144.912 3.19845 -1.82279 -15.3898 11.3123 10.5194 -29.1874 1179.62 -6194.53 
-7636.85 -5.05379 -45.5612 236.171 2044.09 2907.59 5042.9 3361.48 -1358.31 173.824 830.082 -215.906 -256.834 19.7798 32.9415 53.4572 74.2073 109.826 17.5757 -62.213 69.0018 -115.665 -10.9594 1268.44 -6534.02 
-5626.38 327.73 40.6073 320.377 1779.96 1770.02 1117.49 3467.41 1324.21 -841.998 572.104 -44.1701 128.728 -19.6316 -159.475 111.015 30.3882 89.2247 -96.0269 30.5288 80.2629 -50.2311 8.25351 798.65 -5159.05 
0 0 0 0 0 0 0 0 0 0 0 0 0 0 0 0 0 0 0 0 0 0 0 0 0 
0 0 0 0 0 0 0 0 0 0 0 0 0 0 0 0 0 0 0 0 0 0 0 0 0 
0 0 0 0 0 0 0 0 0 0 0 0 0 0 0 0 0 0 0 0 0 0 0 0 0 
0 0 0 0 0 0 0 0 0 0 0 0 0 0 0 0 0 0 0 0 0 0 0 0 0 
0 0 0 0 0 0 0 0 0 0 0 0 0 0 0 0 0 0 0 0 0 0 0 0 0 
0 0 0 0 0 0 0 0 0 0 0 0 0 0 0 0 0 0 0 0 0 0 0 0 0 
0 0 0 0 0 0 0 0 0 0 0 0 0 0 0 0 0 0 0 0 0 0 0 0 0 
0 0 0 0 0 0 0 0 0 0 0 0 0 0 0 0 0 0 0 0 0 0 0 0 0 
0 0 0 0 0 0 0 0 0 0 0 0 0 0 0 0 0 0 0 0 0 0 0 0 0 
0 0 0 0 0 0 0 0 0 0 0 0 0 0 0 0 0 0 0 0 0 0 0 0 0 
