# c_s_2, bin size X: 25, bin count X: 25, bin size Y: 25, bin count Y: 25
0 0 0 0 0 0 0 0 0 0 0 0 0 0 0 0 0 0 0 0 0 0 0 0 0 
0 0 0 0 0 0 0 0 0 0 0 0 0 0 0 0 0 0 0 0 0 0 0 0 0 
0 0 0 0 0 0 0 0 0 0 0 0 0 0 0 0 0 0 0 0 0 0 0 0 0 
0 0 0 0 0 0 0 0 0 0 0 0 0 0 0 0 0 0 0 0 0 0 0 0 0 
0 0 0 0 0 0 0 0 0 0 0 0 0 0 0 0 0 0 0 0 0 0 0 0 0 
0 0 0 0 0 0 0 0 0 0 0 0 0 0 0 0 0 0 0 0 0 0 0 0 0 
0 0 0 0 0 0 0 0 0 0 0 0 0 0 0 0 0 0 0 0 0 0 0 0 0 
0 0 0 0 0 0 0 0 0 0 0 0 0 0 0 0 0 0 0 0 0 0 0 0 0 
0 0 0 0 0 0 0 0 0 0 0 0 0 0 0 0 0 0 0 0 0 0 0 0 0 
0 0 0 0 0 0 0 0 0 0 0 0 0 0 0 0 0 0 0 0 0 0 0 0 0 
-6133.3 -365.409 334.523 277.449 547.082 1532.43 2680.51 1265.17 202.118 804.349 -21.045 121.49 863.781 822.234 789.465 424.663 47.5435 106.074 -60.0663 -199.747 0.395025 -71.7937 33.0588 760.017 -4760.99 
-6856.66 154.401 -41.9567 -113.289 -325.863 976.34 3924.82 2466.89 1428.75 755.661 -1851.67 -16.147 2123.62 2076.89 956.45 23.6832 -240 -43.7712 55.9033 -83.0755 -37.2108 -23.1154 -3.62481 908.269 -6215.3 
-7303.4 0 0 0 0 754.613 4980.76 3753.06 317.933 108.328 -1500.59 -975.89 1839.13 3120.84 983.407 -402.006 -317.323 -4.10439 22.1967 -46.9653 -65.5341 22.6296 -21.5287 972.898 -6238.45 
-7157.64 29.8028 -618.744 -422.794 579.242 815.185 3336.72 5223.03 545.472 -1995.94 -42.6859 1575.75 830.849 761.121 1389.1 218.188 50.5835 106.116 -59.3819 -99.3931 -33.0993 22.6591 -116.449 1069.94 -6007.64 
-6058.58 89.4125 81.7299 289.697 376.234 1096.52 2341.35 1908.62 908.747 109.12 47.3105 701.065 363.2 573.689 906.458 616.961 194.25 -51.7276 -32.2036 -40.9844 -19.107 89.1436 -196.913 876.084 -5170.08 
0 0 0 0 0 0 0 0 0 0 0 0 0 0 0 0 0 0 0 0 0 0 0 0 0 
0 0 0 0 0 0 0 0 0 0 0 0 0 0 0 0 0 0 0 0 0 0 0 0 0 
0 0 0 0 0 0 0 0 0 0 0 0 0 0 0 0 0 0 0 0 0 0 0 0 0 
0 0 0 0 0 0 0 0 0 0 0 0 0 0 0 0 0 0 0 0 0 0 0 0 0 
0 0 0 0 0 0 0 0 0 0 0 0 0 0 0 0 0 0 0 0 0 0 0 0 0 
0 0 0 0 0 0 0 0 0 0 0 0 0 0 0 0 0 0 0 0 0 0 0 0 0 
0 0 0 0 0 0 0 0 0 0 0 0 0 0 0 0 0 0 0 0 0 0 0 0 0 
0 0 0 0 0 0 0 0 0 0 0 0 0 0 0 0 0 0 0 0 0 0 0 0 0 
0 0 0 0 0 0 0 0 0 0 0 0 0 0 0 0 0 0 0 0 0 0 0 0 0 
0 0 0 0 0 0 0 0 0 0 0 0 0 0 0 0 0 0 0 0 0 0 0 0 0 
