# c_s_2, bin size X: 25, bin count X: 25, bin size Y: 25, bin count Y: 25
0 0 0 0 0 0 0 0 0 0 0 0 0 0 0 0 0 0 0 0 0 0 0 0 0 
0 0 0 0 0 0 0 0 0 0 0 0 0 0 0 0 0 0 0 0 0 0 0 0 0 
0 0 0 0 0 0 0 0 0 0 0 0 0 0 0 0 0 0 0 0 0 0 0 0 0 
0 0 0 0 0 0 0 0 0 0 0 0 0 0 0 0 0 0 0 0 0 0 0 0 0 
0 0 0 0 0 0 0 0 0 0 0 0 0 0 0 0 0 0 0 0 0 0 0 0 0 
0 0 0 0 0 0 0 0 0 0 0 0 0 0 0 0 0 0 0 0 0 0 0 0 0 
0 0 0 0 0 0 0 0 0 0 0 0 0 0 0 0 0 0 0 0 0 0 0 0 0 
0 0 0 0 0 0 0 0 0 0 0 0 0 0 0 0 0 0 0 0 0 0 0 0 0 
0 0 0 0 0 0 0 0 0 0 0 0 0 0 0 0 0 0 0 0 0 0 0 0 0 
0 0 0 0 0 0 0 0 0 0 0 0 0 0 0 0 0 0 0 0 0 0 0 0 0 
-5014.87 -647.229 69.5355 -237.047 221.767 1661.14 3035.02 1861.93 1351.87 1117.13 -229.533 -816.162 -468.51 921.806 801.887 509.843 141.125 -110.45 270.207 306.364 961.593 480.329 -872.344 -754.859 -4560.54 
-5626.03 342.233 229.085 -106.704 -193.839 429.07 3747.18 4101.8 1617.58 98.6714 -800.502 -323.986 -431.011 163.069 1328.74 1436.95 622.925 -326.186 -194.343 1231.34 959.324 -713.451 -738.256 -680.898 -6172.75 
-5779.67 0 0 0 0 37.6868 2287.45 5649.5 2782.43 -1279.17 -546.584 -120.893 463.44 303.822 63.3654 1721.82 1484.05 153.906 36.5883 -61.8102 -197.36 -103.529 -193.317 -521.663 -6180.06 
-5652.2 85.7629 -18.6041 -489.537 -216.192 697.534 1786.11 3099.75 2913.85 1689.28 -221.101 -864.68 30.0745 105.502 1042.6 1729.08 873.596 45.1358 -4.65296 215.268 66.4018 -102.961 -322.677 -482.746 -6004.59 
-4867.65 -77.0808 97.4182 285.428 203.235 1194.75 1895.57 1402.17 2186.87 1481.12 -343.295 -481.103 104.135 810.194 871.043 95.9431 -252.46 -147.523 342.1 787.452 663.763 775.042 -549.691 -1327.75 -5149.69 
0 0 0 0 0 0 0 0 0 0 0 0 0 0 0 0 0 0 0 0 0 0 0 0 0 
0 0 0 0 0 0 0 0 0 0 0 0 0 0 0 0 0 0 0 0 0 0 0 0 0 
0 0 0 0 0 0 0 0 0 0 0 0 0 0 0 0 0 0 0 0 0 0 0 0 0 
0 0 0 0 0 0 0 0 0 0 0 0 0 0 0 0 0 0 0 0 0 0 0 0 0 
0 0 0 0 0 0 0 0 0 0 0 0 0 0 0 0 0 0 0 0 0 0 0 0 0 
0 0 0 0 0 0 0 0 0 0 0 0 0 0 0 0 0 0 0 0 0 0 0 0 0 
0 0 0 0 0 0 0 0 0 0 0 0 0 0 0 0 0 0 0 0 0 0 0 0 0 
0 0 0 0 0 0 0 0 0 0 0 0 0 0 0 0 0 0 0 0 0 0 0 0 0 
0 0 0 0 0 0 0 0 0 0 0 0 0 0 0 0 0 0 0 0 0 0 0 0 0 
0 0 0 0 0 0 0 0 0 0 0 0 0 0 0 0 0 0 0 0 0 0 0 0 0 
