# c_s_2, bin size X: 25, bin count X: 25, bin size Y: 25, bin count Y: 25
0 0 0 0 0 0 0 0 0 0 0 0 0 0 0 0 0 0 0 0 0 0 0 0 0 
0 0 0 0 0 0 0 0 0 0 0 0 0 0 0 0 0 0 0 0 0 0 0 0 0 
0 0 0 0 0 0 0 0 0 0 0 0 0 0 0 0 0 0 0 0 0 0 0 0 0 
0 0 0 0 0 0 0 0 0 0 0 0 0 0 0 0 0 0 0 0 0 0 0 0 0 
0 0 0 0 0 0 0 0 0 0 0 0 0 0 0 0 0 0 0 0 0 0 0 0 0 
0 0 0 0 0 0 0 0 0 0 0 0 0 0 0 0 0 0 0 0 0 0 0 0 0 
0 0 0 0 0 0 0 0 0 0 0 0 0 0 0 0 0 0 0 0 0 0 0 0 0 
0 0 0 0 0 0 0 0 0 0 0 0 0 0 0 0 0 0 0 0 0 0 0 0 0 
0 0 0 0 0 0 0 0 0 0 0 0 0 0 0 0 0 0 0 0 0 0 0 0 0 
0 0 0 0 0 0 0 0 0 0 0 0 0 0 0 0 0 0 0 0 0 0 0 0 0 
-4892.73 -490.466 136.548 -178.961 825.492 1454.2 1974.99 1716.84 1083.7 545.375 -339.671 203.749 344.63 -34.1079 -235.227 175.473 1128.08 1347.82 382.697 -63.2555 -51.1231 -381.444 -148.583 -39.6752 -4464.36 
-5152.67 296.721 41.934 -108.786 -299.739 25.1981 2247.02 3187.54 2824.78 1747.4 -521.904 -594.548 -408.457 -101.395 116.26 -106.454 613.861 1386.37 1250.97 516.887 -46.471 -243.131 -140.776 -512.72 -6017.89 
-5527.52 0 0 0 0 46.9609 1881.09 3871.54 4153.45 1803.29 -1054.36 -1026.52 -489.457 -141.814 -118.021 577.672 769.276 -219.694 217.781 1639.21 801.59 -498.781 -99.3465 -524.347 -6062 
-5253.04 178.797 5.20942 -158.46 -351.741 612.142 1657.72 3304.71 3515.8 897.647 -220.002 -53.0623 -81.3355 -509.182 -437.298 188.208 836.145 834.37 1077.34 939.186 1.05019 -280.379 -321.745 -615.957 -5766.13 
-4433.11 -332.695 -39.0186 56.2936 437.284 861.295 1445.31 1084.55 1038.1 1445.73 1110.3 878.818 462.829 -96.2423 -692.955 -8.47203 502.643 830.258 846.474 267.714 -63.3938 -187.788 -309.537 -541.639 -4562.74 
0 0 0 0 0 0 0 0 0 0 0 0 0 0 0 0 0 0 0 0 0 0 0 0 0 
0 0 0 0 0 0 0 0 0 0 0 0 0 0 0 0 0 0 0 0 0 0 0 0 0 
0 0 0 0 0 0 0 0 0 0 0 0 0 0 0 0 0 0 0 0 0 0 0 0 0 
0 0 0 0 0 0 0 0 0 0 0 0 0 0 0 0 0 0 0 0 0 0 0 0 0 
0 0 0 0 0 0 0 0 0 0 0 0 0 0 0 0 0 0 0 0 0 0 0 0 0 
0 0 0 0 0 0 0 0 0 0 0 0 0 0 0 0 0 0 0 0 0 0 0 0 0 
0 0 0 0 0 0 0 0 0 0 0 0 0 0 0 0 0 0 0 0 0 0 0 0 0 
0 0 0 0 0 0 0 0 0 0 0 0 0 0 0 0 0 0 0 0 0 0 0 0 0 
0 0 0 0 0 0 0 0 0 0 0 0 0 0 0 0 0 0 0 0 0 0 0 0 0 
0 0 0 0 0 0 0 0 0 0 0 0 0 0 0 0 0 0 0 0 0 0 0 0 0 
