# c_s_2, bin size X: 25, bin count X: 25, bin size Y: 25, bin count Y: 25
0 0 0 0 0 0 0 0 0 0 0 0 0 0 0 0 0 0 0 0 0 0 0 0 0 
0 0 0 0 0 0 0 0 0 0 0 0 0 0 0 0 0 0 0 0 0 0 0 0 0 
0 0 0 0 0 0 0 0 0 0 0 0 0 0 0 0 0 0 0 0 0 0 0 0 0 
0 0 0 0 0 0 0 0 0 0 0 0 0 0 0 0 0 0 0 0 0 0 0 0 0 
0 0 0 0 0 0 0 0 0 0 0 0 0 0 0 0 0 0 0 0 0 0 0 0 0 
0 0 0 0 0 0 0 0 0 0 0 0 0 0 0 0 0 0 0 0 0 0 0 0 0 
0 0 0 0 0 0 0 0 0 0 0 0 0 0 0 0 0 0 0 0 0 0 0 0 0 
0 0 0 0 0 0 0 0 0 0 0 0 0 0 0 0 0 0 0 0 0 0 0 0 0 
0 0 0 0 0 0 0 0 0 0 0 0 0 0 0 0 0 0 0 0 0 0 0 0 0 
0 0 0 0 0 0 0 0 0 0 0 0 0 0 0 0 0 0 0 0 0 0 0 0 0 
-3994.87 -188.125 459.702 -230.236 597.219 359.597 1211.16 2449.86 1197.43 936.58 873 127.957 -263.067 20.53 -480.559 12.3448 462.143 17.804 680.404 943.739 742.355 183.89 -436.664 -1214.94 -4467.26 
-3502.66 84.817 29.3224 -70.7514 -105.567 -15.3915 1826.27 2723.48 2359.02 1572.17 466.727 41.7269 -482.941 0.666437 128.012 -93.8926 -339.972 110.76 515.516 185.715 1672.72 1863.23 -793.19 -2864.71 -5311.07 
-3376.35 0 0 0 0 0 2172.75 3294.55 3224.31 1271.49 -1380.88 -320.341 610.018 98.637 -335.862 274.049 194.941 -208.311 176.311 227.185 925.437 1569.66 468.388 -2830.57 -6055.41 
-3373.33 117.157 -0.99206 127.938 25.0092 -457.291 1436.21 3163.42 3537.85 893.752 -1669.24 -227.753 542.808 400.609 227.534 413.864 411.899 -194.376 -166.698 682.282 1157.67 1078.24 -2.95475 -2519.6 -5604.01 
-3684.32 -565.095 95.0446 133.133 89.1431 868.908 1773.51 1398.22 1582.34 1104.61 114.261 65.2883 -340.602 68.8827 203.239 -337.638 208.52 1028.17 686.967 222.808 722.741 607.027 -481.596 -1336.85 -4226.7 
0 0 0 0 0 0 0 0 0 0 0 0 0 0 0 0 0 0 0 0 0 0 0 0 0 
0 0 0 0 0 0 0 0 0 0 0 0 0 0 0 0 0 0 0 0 0 0 0 0 0 
0 0 0 0 0 0 0 0 0 0 0 0 0 0 0 0 0 0 0 0 0 0 0 0 0 
0 0 0 0 0 0 0 0 0 0 0 0 0 0 0 0 0 0 0 0 0 0 0 0 0 
0 0 0 0 0 0 0 0 0 0 0 0 0 0 0 0 0 0 0 0 0 0 0 0 0 
0 0 0 0 0 0 0 0 0 0 0 0 0 0 0 0 0 0 0 0 0 0 0 0 0 
0 0 0 0 0 0 0 0 0 0 0 0 0 0 0 0 0 0 0 0 0 0 0 0 0 
0 0 0 0 0 0 0 0 0 0 0 0 0 0 0 0 0 0 0 0 0 0 0 0 0 
0 0 0 0 0 0 0 0 0 0 0 0 0 0 0 0 0 0 0 0 0 0 0 0 0 
0 0 0 0 0 0 0 0 0 0 0 0 0 0 0 0 0 0 0 0 0 0 0 0 0 
