# c_s_2, bin size X: 25, bin count X: 25, bin size Y: 25, bin count Y: 25
0 0 0 0 0 0 0 0 0 0 0 0 0 0 0 0 0 0 0 0 0 0 0 0 0 
0 0 0 0 0 0 0 0 0 0 0 0 0 0 0 0 0 0 0 0 0 0 0 0 0 
0 0 0 0 0 0 0 0 0 0 0 0 0 0 0 0 0 0 0 0 0 0 0 0 0 
0 0 0 0 0 0 0 0 0 0 0 0 0 0 0 0 0 0 0 0 0 0 0 0 0 
0 0 0 0 0 0 0 0 0 0 0 0 0 0 0 0 0 0 0 0 0 0 0 0 0 
0 0 0 0 0 0 0 0 0 0 0 0 0 0 0 0 0 0 0 0 0 0 0 0 0 
0 0 0 0 0 0 0 0 0 0 0 0 0 0 0 0 0 0 0 0 0 0 0 0 0 
0 0 0 0 0 0 0 0 0 0 0 0 0 0 0 0 0 0 0 0 0 0 0 0 0 
0 0 0 0 0 0 0 0 0 0 0 0 0 0 0 0 0 0 0 0 0 0 0 0 0 
0 0 0 0 0 0 0 0 0 0 0 0 0 0 0 0 0 0 0 0 0 0 0 0 0 
-2451.86 -98.6487 -245.545 256.926 -156.981 41.4017 1911.51 1603.43 307.25 1013.53 1303.32 567.723 367.498 -214.188 157.667 482.085 159.736 184.128 177.559 -570.481 -2088.07 -1278.14 393.583 404.855 -2228.3 
-1686.66 109.958 -127.483 -101.926 51.0337 285.671 2173.75 1698.64 1332.71 2014.52 511.655 175.136 -20.3102 -110.137 83.4306 168.994 488.889 940.39 210.447 -1179.36 -1763.61 -432.697 -241.349 -1770.98 -2810.71 
-2112.15 0 0 0 0 0 876.897 1899.06 2648.47 2230.17 436.482 208.731 320.382 105.145 -401.783 -328.626 793.5 822.057 948.212 712.704 -1931.1 -1572.09 -326.272 -1965 -3364.8 
-1801.14 105.653 -59.7634 -163.796 -206.375 -197.485 338.41 1409.96 4012.55 1942.02 -150.998 510.594 -584.834 318.481 970.31 -35.2609 -49.6554 882.778 592.484 -482.88 -1222.25 -132.655 -1149.11 -2273.11 -2573.92 
-2914.66 -119.2 256.722 -740.305 -426.38 1434.8 2348.91 646.253 1155.71 1309.89 278.405 687.021 111.461 37.849 127.771 573.466 393.322 10.368 -36.1664 -821.019 -1100.1 194.712 81.1246 -738.585 -2751.38 
0 0 0 0 0 0 0 0 0 0 0 0 0 0 0 0 0 0 0 0 0 0 0 0 0 
0 0 0 0 0 0 0 0 0 0 0 0 0 0 0 0 0 0 0 0 0 0 0 0 0 
0 0 0 0 0 0 0 0 0 0 0 0 0 0 0 0 0 0 0 0 0 0 0 0 0 
0 0 0 0 0 0 0 0 0 0 0 0 0 0 0 0 0 0 0 0 0 0 0 0 0 
0 0 0 0 0 0 0 0 0 0 0 0 0 0 0 0 0 0 0 0 0 0 0 0 0 
0 0 0 0 0 0 0 0 0 0 0 0 0 0 0 0 0 0 0 0 0 0 0 0 0 
0 0 0 0 0 0 0 0 0 0 0 0 0 0 0 0 0 0 0 0 0 0 0 0 0 
0 0 0 0 0 0 0 0 0 0 0 0 0 0 0 0 0 0 0 0 0 0 0 0 0 
0 0 0 0 0 0 0 0 0 0 0 0 0 0 0 0 0 0 0 0 0 0 0 0 0 
0 0 0 0 0 0 0 0 0 0 0 0 0 0 0 0 0 0 0 0 0 0 0 0 0 
