# c_s_2, bin size X: 25, bin count X: 25, bin size Y: 25, bin count Y: 25
0 0 0 0 0 0 0 0 0 0 0 0 0 0 0 0 0 0 0 0 0 0 0 0 0 
0 0 0 0 0 0 0 0 0 0 0 0 0 0 0 0 0 0 0 0 0 0 0 0 0 
0 0 0 0 0 0 0 0 0 0 0 0 0 0 0 0 0 0 0 0 0 0 0 0 0 
0 0 0 0 0 0 0 0 0 0 0 0 0 0 0 0 0 0 0 0 0 0 0 0 0 
0 0 0 0 0 0 0 0 0 0 0 0 0 0 0 0 0 0 0 0 0 0 0 0 0 
0 0 0 0 0 0 0 0 0 0 0 0 0 0 0 0 0 0 0 0 0 0 0 0 0 
0 0 0 0 0 0 0 0 0 0 0 0 0 0 0 0 0 0 0 0 0 0 0 0 0 
0 0 0 0 0 0 0 0 0 0 0 0 0 0 0 0 0 0 0 0 0 0 0 0 0 
0 0 0 0 0 0 0 0 0 0 0 0 0 0 0 0 0 0 0 0 0 0 0 0 0 
0 0 0 0 0 0 0 0 0 0 0 0 0 0 0 0 0 0 0 0 0 0 0 0 0 
-1419.78 2006.89 941.895 -166.092 -189.394 -109.001 -79.1676 -53.8757 -55.9224 -66.6139 -17.8062 -4.14246 13.5693 -1.70673 -54.5119 -7.35661 55.4398 9.2427 33.2706 21.7527 -21.6642 -31.4421 -16.1418 825.894 -1613.34 
-1125.97 5265.27 625.156 -642.314 -345.537 -207.38 -113.572 -84.3302 -65.3609 -32.3158 -34.9903 16.6635 -3.73308 -7.59438 44.421 8.52205 31.1334 -8.73031 -77.7755 -5.06626 26.2203 -1.37357 -27.5031 1039.67 -4273.51 
365.811 5684.11 -1035.01 -689.13 -233.71 -186.057 -116.353 -117.331 -84.735 8.34578 10.154 -43.577 -0.937811 1.87461 -12.6597 123.585 28.7701 -48.5781 -19.4734 -31.4125 -34.3341 -0.495371 73.6737 1093.77 -4736.29 
-1040.46 4731.66 541.531 -620.873 -316.19 -169.431 -179.506 -140.607 -137.422 -69.5331 56.0077 13.6548 -83.8424 16.4446 68.9965 -33.8194 24.193 101.553 19.6339 -9.27483 28.4305 7.4752 1.93971 1025.35 -3835.91 
-1318.34 2705.59 907.313 -156.649 -183.279 -151.073 -164.333 -100.842 -88.2663 -65.6286 -6.95557 -20.6673 5.90987 6.85063 13.1085 27.6064 -9.0852 22.6659 80.3392 24.9806 -21.6055 -1.20431 -8.72303 783.052 -2280.76 
0 0 0 0 0 0 0 0 0 0 0 0 0 0 0 0 0 0 0 0 0 0 0 0 0 
0 0 0 0 0 0 0 0 0 0 0 0 0 0 0 0 0 0 0 0 0 0 0 0 0 
0 0 0 0 0 0 0 0 0 0 0 0 0 0 0 0 0 0 0 0 0 0 0 0 0 
0 0 0 0 0 0 0 0 0 0 0 0 0 0 0 0 0 0 0 0 0 0 0 0 0 
0 0 0 0 0 0 0 0 0 0 0 0 0 0 0 0 0 0 0 0 0 0 0 0 0 
0 0 0 0 0 0 0 0 0 0 0 0 0 0 0 0 0 0 0 0 0 0 0 0 0 
0 0 0 0 0 0 0 0 0 0 0 0 0 0 0 0 0 0 0 0 0 0 0 0 0 
0 0 0 0 0 0 0 0 0 0 0 0 0 0 0 0 0 0 0 0 0 0 0 0 0 
0 0 0 0 0 0 0 0 0 0 0 0 0 0 0 0 0 0 0 0 0 0 0 0 0 
0 0 0 0 0 0 0 0 0 0 0 0 0 0 0 0 0 0 0 0 0 0 0 0 0 
