# c_s_2, bin size X: 25, bin count X: 25, bin size Y: 25, bin count Y: 25
0 0 0 0 0 0 0 0 0 0 0 0 0 0 0 0 0 0 0 0 0 0 0 0 0 
0 0 0 0 0 0 0 0 0 0 0 0 0 0 0 0 0 0 0 0 0 0 0 0 0 
0 0 0 0 0 0 0 0 0 0 0 0 0 0 0 0 0 0 0 0 0 0 0 0 0 
0 0 0 0 0 0 0 0 0 0 0 0 0 0 0 0 0 0 0 0 0 0 0 0 0 
0 0 0 0 0 0 0 0 0 0 0 0 0 0 0 0 0 0 0 0 0 0 0 0 0 
0 0 0 0 0 0 0 0 0 0 0 0 0 0 0 0 0 0 0 0 0 0 0 0 0 
0 0 0 0 0 0 0 0 0 0 0 0 0 0 0 0 0 0 0 0 0 0 0 0 0 
0 0 0 0 0 0 0 0 0 0 0 0 0 0 0 0 0 0 0 0 0 0 0 0 0 
0 0 0 0 0 0 0 0 0 0 0 0 0 0 0 0 0 0 0 0 0 0 0 0 0 
0 0 0 0 0 0 0 0 0 0 0 0 0 0 0 0 0 0 0 0 0 0 0 0 0 
-1413.65 2075.3 1023.42 -138.853 -225.812 -77.3533 -23.2152 -67.5109 -101.701 -80.3424 5.06855 16.5435 9.60408 0.266283 -2.28793 16.379 16.4807 24.9949 37.799 -53.4015 -114.856 -71.5949 -16.3996 818.407 -1657.29 
-1147.3 5459.99 734.229 -685.97 -392.593 -173.153 -60.236 -108.766 -101.627 -12.3952 13.8687 21.3439 -32.2588 -28.1435 43.2887 -14.3284 -28.2554 39.7312 14.5603 5.54016 11.6088 -31.1721 -87.7347 969.518 -4409.75 
242.637 5865.31 -767.261 -831.572 -337.089 -164.24 -69.5426 -58.971 -104.84 -13.6006 39.9705 -38.4873 -12.7688 -14.0076 -19.0638 58.3216 -8.65811 -31.2913 10.7458 26.1732 1.73795 -53.7356 -28.4222 1043.71 -4735.05 
-978.683 5144.04 536.856 -739.206 -436.907 -201.201 -109.73 -124.325 -39.0066 -19.9396 -31.7161 -17.4867 -41.8363 57.6607 7.08974 -41.0636 17.2255 13.2844 51.7639 50.9811 23.4852 -17.715 -54.6871 1025.82 -4074.7 
-1335.45 2754.17 924.677 -223.835 -268.168 -139.714 -106.422 -126.138 -29.8132 18.7563 -47.6107 -33.5297 -3.60606 -9.5367 34.0604 21.0401 20.211 5.18817 -4.29766 3.51164 3.90809 32.1337 11.1894 800.309 -2301.04 
0 0 0 0 0 0 0 0 0 0 0 0 0 0 0 0 0 0 0 0 0 0 0 0 0 
0 0 0 0 0 0 0 0 0 0 0 0 0 0 0 0 0 0 0 0 0 0 0 0 0 
0 0 0 0 0 0 0 0 0 0 0 0 0 0 0 0 0 0 0 0 0 0 0 0 0 
0 0 0 0 0 0 0 0 0 0 0 0 0 0 0 0 0 0 0 0 0 0 0 0 0 
0 0 0 0 0 0 0 0 0 0 0 0 0 0 0 0 0 0 0 0 0 0 0 0 0 
0 0 0 0 0 0 0 0 0 0 0 0 0 0 0 0 0 0 0 0 0 0 0 0 0 
0 0 0 0 0 0 0 0 0 0 0 0 0 0 0 0 0 0 0 0 0 0 0 0 0 
0 0 0 0 0 0 0 0 0 0 0 0 0 0 0 0 0 0 0 0 0 0 0 0 0 
0 0 0 0 0 0 0 0 0 0 0 0 0 0 0 0 0 0 0 0 0 0 0 0 0 
0 0 0 0 0 0 0 0 0 0 0 0 0 0 0 0 0 0 0 0 0 0 0 0 0 
