# c_s_2, bin size X: 25, bin count X: 25, bin size Y: 25, bin count Y: 25
0 0 0 0 0 0 0 0 0 0 0 0 0 0 0 0 0 0 0 0 0 0 0 0 0 
0 0 0 0 0 0 0 0 0 0 0 0 0 0 0 0 0 0 0 0 0 0 0 0 0 
0 0 0 0 0 0 0 0 0 0 0 0 0 0 0 0 0 0 0 0 0 0 0 0 0 
0 0 0 0 0 0 0 0 0 0 0 0 0 0 0 0 0 0 0 0 0 0 0 0 0 
0 0 0 0 0 0 0 0 0 0 0 0 0 0 0 0 0 0 0 0 0 0 0 0 0 
0 0 0 0 0 0 0 0 0 0 0 0 0 0 0 0 0 0 0 0 0 0 0 0 0 
0 0 0 0 0 0 0 0 0 0 0 0 0 0 0 0 0 0 0 0 0 0 0 0 0 
0 0 0 0 0 0 0 0 0 0 0 0 0 0 0 0 0 0 0 0 0 0 0 0 0 
0 0 0 0 0 0 0 0 0 0 0 0 0 0 0 0 0 0 0 0 0 0 0 0 0 
0 0 0 0 0 0 0 0 0 0 0 0 0 0 0 0 0 0 0 0 0 0 0 0 0 
-1801.62 2471 1328.7 -30.5126 -157.129 -97.0454 -66.0499 -47.299 -30.3252 -14.2218 -19.1803 -24.5989 18.7909 39.1184 6.11024 -14.8535 -20.4959 -58.0418 -60.6921 -54.3917 -33.683 49.9207 30.8262 795.285 -2209.61 
-2713.98 6088.99 2284.51 -727.328 -421.136 -183.549 -76.9602 -42.7508 -11.8633 2.52324 26.607 32.6587 13.8011 30.1518 -24.6179 -94.3061 -74.402 -77.7108 -32.4087 31.7447 -18.0829 -46.5869 -20.7981 1063.04 -5007.55 
-1718.4 6522.91 1314.47 -1221.33 -457.744 -153.408 -57.951 -35.0626 -6.26045 72.687 91.4344 41.1179 -24.8017 -87.8923 -71.8357 -30.2612 -58.944 -53.8204 -43.0258 -77.4122 -60.4693 3.02244 36.4409 1081.1 -5004.56 
-1978.15 6586.87 1603.36 -815.455 -433.226 -176.297 -71.2707 -56.5519 -56.31 -4.47739 32.5802 -43.8182 -94.632 -11.8574 78.4674 60.531 -40.0832 -86.1165 -87.8097 -63.5662 -16.913 -49.7914 -56.89 1102.01 -5320.61 
-1721.18 3208.08 1394.58 -142.526 -157.453 -129.791 -75.2598 -40.0605 -55.1973 -43.196 -68.2582 -35.4425 24.0647 28.0588 23.4439 -24.9007 -62.7289 -38.8838 -15.3223 1.69683 -38.1758 -72.9961 -59.7005 792.854 -2691.71 
0 0 0 0 0 0 0 0 0 0 0 0 0 0 0 0 0 0 0 0 0 0 0 0 0 
0 0 0 0 0 0 0 0 0 0 0 0 0 0 0 0 0 0 0 0 0 0 0 0 0 
0 0 0 0 0 0 0 0 0 0 0 0 0 0 0 0 0 0 0 0 0 0 0 0 0 
0 0 0 0 0 0 0 0 0 0 0 0 0 0 0 0 0 0 0 0 0 0 0 0 0 
0 0 0 0 0 0 0 0 0 0 0 0 0 0 0 0 0 0 0 0 0 0 0 0 0 
0 0 0 0 0 0 0 0 0 0 0 0 0 0 0 0 0 0 0 0 0 0 0 0 0 
0 0 0 0 0 0 0 0 0 0 0 0 0 0 0 0 0 0 0 0 0 0 0 0 0 
0 0 0 0 0 0 0 0 0 0 0 0 0 0 0 0 0 0 0 0 0 0 0 0 0 
0 0 0 0 0 0 0 0 0 0 0 0 0 0 0 0 0 0 0 0 0 0 0 0 0 
0 0 0 0 0 0 0 0 0 0 0 0 0 0 0 0 0 0 0 0 0 0 0 0 0 
