# c_s_2, bin size X: 25, bin count X: 25, bin size Y: 25, bin count Y: 25
0 0 0 0 0 0 0 0 0 0 0 0 0 0 0 0 0 0 0 0 0 0 0 0 0 
0 0 0 0 0 0 0 0 0 0 0 0 0 0 0 0 0 0 0 0 0 0 0 0 0 
0 0 0 0 0 0 0 0 0 0 0 0 0 0 0 0 0 0 0 0 0 0 0 0 0 
0 0 0 0 0 0 0 0 0 0 0 0 0 0 0 0 0 0 0 0 0 0 0 0 0 
0 0 0 0 0 0 0 0 0 0 0 0 0 0 0 0 0 0 0 0 0 0 0 0 0 
0 0 0 0 0 0 0 0 0 0 0 0 0 0 0 0 0 0 0 0 0 0 0 0 0 
0 0 0 0 0 0 0 0 0 0 0 0 0 0 0 0 0 0 0 0 0 0 0 0 0 
0 0 0 0 0 0 0 0 0 0 0 0 0 0 0 0 0 0 0 0 0 0 0 0 0 
0 0 0 0 0 0 0 0 0 0 0 0 0 0 0 0 0 0 0 0 0 0 0 0 0 
0 0 0 0 0 0 0 0 0 0 0 0 0 0 0 0 0 0 0 0 0 0 0 0 0 
-4506.77 2307.36 3932.4 1977.02 119.306 -250.418 -114.61 12.4845 5.72852 -79.3832 -40.546 -38.2954 -24.7409 12.7068 -24.1865 -47.2144 -43.4912 -38.2181 -41.5537 -31.7115 -33.354 -36.5151 -47.9599 783.88 -3751.92 
-6743.2 2394.44 7044.23 3614.83 -871.533 -215.028 -173.714 -161.778 -96.4034 19.166 41.7556 8.76357 -13.7488 -46.378 -26.9084 8.25253 -44.5359 -71.1149 -40.579 -99.3991 -81.1788 -35.4962 -58.3321 1039.97 -5392.08 
-6261.17 2750.35 7457.21 3346.51 -1881.68 -337.784 -100.848 32.6613 23.0578 -41.4778 -50.5856 -4.4778 -29.7862 -13.3132 -24.0563 -95.046 -14.4867 47.7254 7.21148 -74.0139 -110.589 -101.755 -92.5722 1045.6 -5476.68 
-6462.59 3153.07 6558.83 3873.79 -817.981 -577.231 -7.44463 -70.2414 -130.462 -78.733 28.6602 29.5079 -31.5805 -12.0494 -21.2174 -8.47484 11.5465 -51.2462 -120.177 -41.5297 20.6002 -56.6345 -111.974 1030.73 -6107.15 
-3731.41 3181.62 3233.12 1414.09 59.7685 -69.8203 -113.634 -155.666 -39.6297 39.3238 16.8146 -15.5449 -31.9126 -25.673 5.44837 26.241 -50.0502 -76.3292 5.24956 29.6272 -64.0308 -76.3278 -5.89977 721.235 -4276.61 
0 0 0 0 0 0 0 0 0 0 0 0 0 0 0 0 0 0 0 0 0 0 0 0 0 
0 0 0 0 0 0 0 0 0 0 0 0 0 0 0 0 0 0 0 0 0 0 0 0 0 
0 0 0 0 0 0 0 0 0 0 0 0 0 0 0 0 0 0 0 0 0 0 0 0 0 
0 0 0 0 0 0 0 0 0 0 0 0 0 0 0 0 0 0 0 0 0 0 0 0 0 
0 0 0 0 0 0 0 0 0 0 0 0 0 0 0 0 0 0 0 0 0 0 0 0 0 
0 0 0 0 0 0 0 0 0 0 0 0 0 0 0 0 0 0 0 0 0 0 0 0 0 
0 0 0 0 0 0 0 0 0 0 0 0 0 0 0 0 0 0 0 0 0 0 0 0 0 
0 0 0 0 0 0 0 0 0 0 0 0 0 0 0 0 0 0 0 0 0 0 0 0 0 
0 0 0 0 0 0 0 0 0 0 0 0 0 0 0 0 0 0 0 0 0 0 0 0 0 
0 0 0 0 0 0 0 0 0 0 0 0 0 0 0 0 0 0 0 0 0 0 0 0 0 
