# c_s_2, bin size X: 25, bin count X: 25, bin size Y: 25, bin count Y: 25
0 0 0 0 0 0 0 0 0 0 0 0 0 0 0 0 0 0 0 0 0 0 0 0 0 
0 0 0 0 0 0 0 0 0 0 0 0 0 0 0 0 0 0 0 0 0 0 0 0 0 
0 0 0 0 0 0 0 0 0 0 0 0 0 0 0 0 0 0 0 0 0 0 0 0 0 
0 0 0 0 0 0 0 0 0 0 0 0 0 0 0 0 0 0 0 0 0 0 0 0 0 
0 0 0 0 0 0 0 0 0 0 0 0 0 0 0 0 0 0 0 0 0 0 0 0 0 
0 0 0 0 0 0 0 0 0 0 0 0 0 0 0 0 0 0 0 0 0 0 0 0 0 
0 0 0 0 0 0 0 0 0 0 0 0 0 0 0 0 0 0 0 0 0 0 0 0 0 
0 0 0 0 0 0 0 0 0 0 0 0 0 0 0 0 0 0 0 0 0 0 0 0 0 
0 0 0 0 0 0 0 0 0 0 0 0 0 0 0 0 0 0 0 0 0 0 0 0 0 
0 0 0 0 0 0 0 0 0 0 0 0 0 0 0 0 0 0 0 0 0 0 0 0 0 
-5125.08 1228.72 3952.74 3470.27 782.246 -210.769 -260.341 -174.994 22.9513 -18.1317 -58.1352 -38.5038 -34.5878 -20.3432 -8.12129 34.0778 48.0823 -39.8559 -91.8723 -50.6408 -32.4165 -50.4639 -44.6411 824.004 -4104.19 
-7122.11 584.475 3910.27 6693.91 2640.13 -1428.58 -164.8 -130.348 -154.596 -16.3716 0.834468 -47.1206 -10.9591 26.7219 -3.82258 2.36892 -31.3943 -40.8772 -26.7436 -65.4645 -63.7296 -51.9825 -57.2538 1054.94 -5497.49 
-6885.15 473.162 4432.19 6853.97 1981.14 -1274.58 -358.713 -26.3239 -19.2505 -47.2885 -77.2134 -32.9789 13.6191 0.339384 6.15358 1.38326 -52.1807 -37.2956 9.37863 17.9512 -52.9204 -73.0302 -57.0765 1029.84 -5825.13 
-6754.96 1219.8 3516.68 6510.96 2866.23 -878.209 -559.953 -271.215 71.1397 -111.809 -25.0837 26.4475 -64.9428 -84.9425 -46.4721 19.2013 86.7324 66.2926 -67.9963 -104.793 -25.1555 -60.4364 -112.262 1071.45 -6286.7 
-4659 1662.45 2503.06 3040.34 1890.63 -174.53 -284.07 13.8885 -120.283 -90.2544 -13.5356 -43.0561 -14.5696 -31.972 -25.0038 18.8349 25.4998 12.7305 25.9087 -16.8442 -82.6877 -48.262 -13.5447 763.227 -4338.96 
0 0 0 0 0 0 0 0 0 0 0 0 0 0 0 0 0 0 0 0 0 0 0 0 0 
0 0 0 0 0 0 0 0 0 0 0 0 0 0 0 0 0 0 0 0 0 0 0 0 0 
0 0 0 0 0 0 0 0 0 0 0 0 0 0 0 0 0 0 0 0 0 0 0 0 0 
0 0 0 0 0 0 0 0 0 0 0 0 0 0 0 0 0 0 0 0 0 0 0 0 0 
0 0 0 0 0 0 0 0 0 0 0 0 0 0 0 0 0 0 0 0 0 0 0 0 0 
0 0 0 0 0 0 0 0 0 0 0 0 0 0 0 0 0 0 0 0 0 0 0 0 0 
0 0 0 0 0 0 0 0 0 0 0 0 0 0 0 0 0 0 0 0 0 0 0 0 0 
0 0 0 0 0 0 0 0 0 0 0 0 0 0 0 0 0 0 0 0 0 0 0 0 0 
0 0 0 0 0 0 0 0 0 0 0 0 0 0 0 0 0 0 0 0 0 0 0 0 0 
0 0 0 0 0 0 0 0 0 0 0 0 0 0 0 0 0 0 0 0 0 0 0 0 0 
