# c_s_2, bin size X: 25, bin count X: 25, bin size Y: 25, bin count Y: 25
0 0 0 0 0 0 0 0 0 0 0 0 0 0 0 0 0 0 0 0 0 0 0 0 0 
0 0 0 0 0 0 0 0 0 0 0 0 0 0 0 0 0 0 0 0 0 0 0 0 0 
0 0 0 0 0 0 0 0 0 0 0 0 0 0 0 0 0 0 0 0 0 0 0 0 0 
0 0 0 0 0 0 0 0 0 0 0 0 0 0 0 0 0 0 0 0 0 0 0 0 0 
0 0 0 0 0 0 0 0 0 0 0 0 0 0 0 0 0 0 0 0 0 0 0 0 0 
0 0 0 0 0 0 0 0 0 0 0 0 0 0 0 0 0 0 0 0 0 0 0 0 0 
0 0 0 0 0 0 0 0 0 0 0 0 0 0 0 0 0 0 0 0 0 0 0 0 0 
0 0 0 0 0 0 0 0 0 0 0 0 0 0 0 0 0 0 0 0 0 0 0 0 0 
0 0 0 0 0 0 0 0 0 0 0 0 0 0 0 0 0 0 0 0 0 0 0 0 0 
0 0 0 0 0 0 0 0 0 0 0 0 0 0 0 0 0 0 0 0 0 0 0 0 0 
-5637.73 -593.785 -61.952 636.843 2203.32 2901.08 2786.92 1386.61 -49.9705 -78.0653 -160.864 -80.3078 14.5546 -28.0341 -9.64795 -117.815 80.3971 -69.893 -45.447 49.6087 10.8172 6.36125 -6.96464 876.021 -4012.06 
-7407.64 -99.8871 436.989 363.757 1737.5 5373.69 4822.7 1177.59 -593.622 -472.942 -260.447 93.9968 119.938 -35.2421 90.5591 -77.0005 -51.4028 16.4755 -81.95 13.5336 47.5279 20.5036 -13.7229 1149.46 -6370.36 
-7261.9 0 0 0 1584.38 6952.68 5132.9 -386.735 -592.419 -510.509 -152.492 -15.2214 116.524 71.5115 0.545327 13.1879 36.6861 -31.3762 22.9439 63.5156 -18.6586 8.1147 -10.0021 1096.73 -6120.41 
-7740.35 234.701 152.28 8.98612 2417.97 6535.79 4566.43 -331.874 -438.952 -1.02406 -341.943 -17.0838 101.504 58.1173 -7.19733 35.8286 69.8434 -9.88109 87.8968 -43.6932 -15.7127 67.9193 -18.567 1123.61 -6494.61 
-5532.99 493.653 447.503 -268.923 1084.33 3297.11 3392.37 1233.86 -97.8452 164.112 -26.416 -24.5156 -47.0884 99.5081 -99.2031 97.9686 -4.97226 -16.5206 67.7639 -63.6527 -28.9738 43.7655 -22.0239 838.833 -5027.65 
0 0 0 0 0 0 0 0 0 0 0 0 0 0 0 0 0 0 0 0 0 0 0 0 0 
0 0 0 0 0 0 0 0 0 0 0 0 0 0 0 0 0 0 0 0 0 0 0 0 0 
0 0 0 0 0 0 0 0 0 0 0 0 0 0 0 0 0 0 0 0 0 0 0 0 0 
0 0 0 0 0 0 0 0 0 0 0 0 0 0 0 0 0 0 0 0 0 0 0 0 0 
0 0 0 0 0 0 0 0 0 0 0 0 0 0 0 0 0 0 0 0 0 0 0 0 0 
0 0 0 0 0 0 0 0 0 0 0 0 0 0 0 0 0 0 0 0 0 0 0 0 0 
0 0 0 0 0 0 0 0 0 0 0 0 0 0 0 0 0 0 0 0 0 0 0 0 0 
0 0 0 0 0 0 0 0 0 0 0 0 0 0 0 0 0 0 0 0 0 0 0 0 0 
0 0 0 0 0 0 0 0 0 0 0 0 0 0 0 0 0 0 0 0 0 0 0 0 0 
0 0 0 0 0 0 0 0 0 0 0 0 0 0 0 0 0 0 0 0 0 0 0 0 0 
