# c_s_2, bin size X: 25, bin count X: 25, bin size Y: 25, bin count Y: 25
0 0 0 0 0 0 0 0 0 0 0 0 0 0 0 0 0 0 0 0 0 0 0 0 0 
0 0 0 0 0 0 0 0 0 0 0 0 0 0 0 0 0 0 0 0 0 0 0 0 0 
0 0 0 0 0 0 0 0 0 0 0 0 0 0 0 0 0 0 0 0 0 0 0 0 0 
0 0 0 0 0 0 0 0 0 0 0 0 0 0 0 0 0 0 0 0 0 0 0 0 0 
0 0 0 0 0 0 0 0 0 0 0 0 0 0 0 0 0 0 0 0 0 0 0 0 0 
0 0 0 0 0 0 0 0 0 0 0 0 0 0 0 0 0 0 0 0 0 0 0 0 0 
0 0 0 0 0 0 0 0 0 0 0 0 0 0 0 0 0 0 0 0 0 0 0 0 0 
0 0 0 0 0 0 0 0 0 0 0 0 0 0 0 0 0 0 0 0 0 0 0 0 0 
0 0 0 0 0 0 0 0 0 0 0 0 0 0 0 0 0 0 0 0 0 0 0 0 0 
0 0 0 0 0 0 0 0 0 0 0 0 0 0 0 0 0 0 0 0 0 0 0 0 0 
-6273.2 -2.87765 461.909 624.123 1177.06 1827.65 2164.66 2323.23 1104.16 -814.663 174.865 1370.36 457.688 -38.7781 -195.617 -33.6863 32.1981 18.1926 90.8696 -86.2755 55.6184 -65.6475 -17.2959 814.967 -5169.5 
-7105.44 45.7733 -212.688 -218.406 -130.259 2930.58 5820.29 3011.89 -1238.23 -1812.85 1962.75 2213.64 -280.225 -138.324 6.5597 -72.7806 88.4364 128.065 -3.94583 -38.0661 43.9541 -40.4794 -80.4155 1177.55 -6057.37 
-7380.41 0 0 0 0 2163.03 6475.53 4410.16 -3191.56 -2358.81 3124.55 2110.35 -91.4852 -76.0994 -122.694 -3.98214 -2.32782 52.5768 56.6617 -8.18922 44.1104 14.5381 -39.6412 1076.82 -6253.14 
-7203.89 -185.751 -383.868 -260.151 449.238 2387.2 5515.35 4242.62 -1678.5 -1169 1347.42 1293.46 929.962 -56.9685 -86.9628 -92.7732 -101.142 75.344 2.89992 16.6787 16.1074 -41.013 80.969 1072.45 -6169.7 
-6210.57 487.333 782.019 3.12036 379.578 2677.7 3009.31 1723.58 454.116 -72.8234 -73.5184 821.022 922.459 -46.5852 -58.7234 -169.776 26.1042 65.8091 -77.0621 124.225 -53.8848 -8.99911 14.4341 791.376 -5510.25 
0 0 0 0 0 0 0 0 0 0 0 0 0 0 0 0 0 0 0 0 0 0 0 0 0 
0 0 0 0 0 0 0 0 0 0 0 0 0 0 0 0 0 0 0 0 0 0 0 0 0 
0 0 0 0 0 0 0 0 0 0 0 0 0 0 0 0 0 0 0 0 0 0 0 0 0 
0 0 0 0 0 0 0 0 0 0 0 0 0 0 0 0 0 0 0 0 0 0 0 0 0 
0 0 0 0 0 0 0 0 0 0 0 0 0 0 0 0 0 0 0 0 0 0 0 0 0 
0 0 0 0 0 0 0 0 0 0 0 0 0 0 0 0 0 0 0 0 0 0 0 0 0 
0 0 0 0 0 0 0 0 0 0 0 0 0 0 0 0 0 0 0 0 0 0 0 0 0 
0 0 0 0 0 0 0 0 0 0 0 0 0 0 0 0 0 0 0 0 0 0 0 0 0 
0 0 0 0 0 0 0 0 0 0 0 0 0 0 0 0 0 0 0 0 0 0 0 0 0 
0 0 0 0 0 0 0 0 0 0 0 0 0 0 0 0 0 0 0 0 0 0 0 0 0 
